HomePlanet,CryoSleep,Destination,Age,VIP,RoomService,FoodCourt,ShoppingMall,Spa,VRDeck,predictions,PassengerId
Earth,True,TRAPPIST-1e,27.0,False,0.0,0.0,0.0,0.0,0.0,True,0013_01
Earth,False,TRAPPIST-1e,19.0,False,0.0,9.0,0.0,2823.0,0.0,False,0018_01
Europa,True,55 Cancri e,31.0,False,0.0,0.0,0.0,0.0,0.0,True,0019_01
Europa,False,TRAPPIST-1e,38.0,False,0.0,6652.0,0.0,181.0,585.0,True,0021_01
Earth,False,TRAPPIST-1e,20.0,False,10.0,0.0,635.0,0.0,0.0,True,0023_01
Earth,False,TRAPPIST-1e,31.0,False,0.0,1615.0,263.0,113.0,60.0,True,0027_01
Europa,True,55 Cancri e,21.0,False,0.0,439.4842963318149,0.0,0.0,0.0,True,0029_01
Europa,True,TRAPPIST-1e,20.0,False,0.0,0.0,0.0,0.0,0.0,True,0032_01
Europa,True,55 Cancri e,23.0,False,0.0,0.0,0.0,0.0,0.0,True,0032_02
Earth,False,55 Cancri e,24.0,False,0.0,639.0,0.0,0.0,0.0,True,0033_01
Earth,False,TRAPPIST-1e,19.0,False,339.0,3.0,136.0,237.0,0.0,False,0037_01
Europa,False,TRAPPIST-1e,45.0,False,932.0,74.0,177.29552524527398,7.0,1010.0,False,0040_01
Europa,False,TRAPPIST-1e,44.0,False,0.0,1561.0,0.0,14.0,224.0,True,0040_02
Mars,True,TRAPPIST-1e,46.0,False,0.0,0.0,0.0,0.0,0.0,True,0042_01
Earth,False,TRAPPIST-1e,21.0,False,0.0,0.0,0.0,1687.0,92.0,False,0046_01
Earth,False,TRAPPIST-1e,27.0,False,0.0,0.0,0.0,903.0,310.71003097450557,False,0046_02
Earth,False,TRAPPIST-1e,20.0,False,2.0,12.0,253.0,457.0,690.0,False,0046_03
Europa,True,TRAPPIST-1e,44.0,False,0.0,0.0,0.0,0.0,0.0,True,0047_01
Europa,False,TRAPPIST-1e,29.0,False,0.0,7708.0,243.0,569.0,343.0,True,0047_02
Europa,False,TRAPPIST-1e,40.0,False,26.0,1925.0,8.0,3144.0,63.0,False,0047_03
Earth,False,TRAPPIST-1e,30.0,False,0.0,878.0,26.0,3.0,0.0,True,0048_01
Earth,False,TRAPPIST-1e,14.0,False,219.26626936829558,0.0,0.0,1609.0,0.0,False,0049_01
Europa,True,55 Cancri e,31.0,False,0.0,0.0,0.0,0.0,0.0,True,0054_01
Europa,False,55 Cancri e,27.0,False,0.0,6977.0,0.0,4.0,1235.0,True,0054_02
Europa,False,55 Cancri e,66.0,False,39.0,6452.0,0.0,1409.0,155.0,False,0054_03
Earth,False,TRAPPIST-1e,24.0,False,1784.0,8.0,18.0,18.0,0.0,False,0055_01
Europa,False,55 Cancri e,19.0,False,293.0,3495.0,5273.0,118.0,422.0,True,0057_01
Earth,True,TRAPPIST-1e,36.0,False,0.0,0.0,0.0,0.0,0.0,True,0059_01
Earth,False,TRAPPIST-1e,21.0,False,0.0,619.0,12.0,3.0,0.0,False,0060_01
Earth,True,55 Cancri e,18.0,False,0.0,0.0,0.0,0.0,0.0,True,0063_01
Earth,True,TRAPPIST-1e,26.0,False,0.0,0.0,0.0,0.0,0.0,True,0065_01
Earth,False,TRAPPIST-1e,19.0,False,598.0,0.0,30.0,0.0,0.0,False,0075_01
Earth,True,TRAPPIST-1e,48.0,False,0.0,0.0,0.0,0.0,0.0,True,0079_01
Earth,False,TRAPPIST-1e,23.0,False,14.0,870.0,0.0,0.0,23.0,True,0080_01
Earth,False,TRAPPIST-1e,24.0,False,483.0,0.0,87.0,214.0,0.0,False,0083_01
Earth,False,TRAPPIST-1e,19.0,False,0.0,20.0,135.0,265.0,367.0,False,0087_01
Mars,True,TRAPPIST-1e,24.0,False,0.0,0.0,0.0,0.0,0.0,True,0089_01
Earth,False,TRAPPIST-1e,27.0,False,66.0,1736.0,0.0,0.0,15.0,True,0093_01
Earth,True,TRAPPIST-1e,6.0,False,219.26626936829558,0.0,0.0,0.0,0.0,False,0094_01
Earth,False,TRAPPIST-1e,33.0,False,0.0,0.0,0.0,866.0,0.0,False,0094_02
Earth,False,PSO J318.5-22,23.0,False,0.0,0.0,1235.0,0.0,0.0,True,0095_01
Earth,False,PSO J318.5-22,30.0,False,1.0,0.0,1585.0,0.0,484.0,True,0096_01
Earth,False,TRAPPIST-1e,28.65814620162446,False,0.0,17.0,997.0,0.0,0.0,True,0100_01
Earth,False,TRAPPIST-1e,1.0,False,0.0,0.0,0.0,0.0,0.0,True,0100_02
Earth,False,TRAPPIST-1e,20.0,False,1.0,0.0,0.0,599.0,0.0,False,0104_01
Earth,True,TRAPPIST-1e,17.0,False,0.0,0.0,0.0,0.0,0.0,True,0106_01
Earth,False,TRAPPIST-1e,34.0,False,0.0,0.0,39.0,1.0,556.0,False,0109_01
Earth,False,PSO J318.5-22,24.0,False,0.0,22.0,82.0,0.0,686.0,False,0117_01
Earth,False,TRAPPIST-1e,29.0,False,14.0,869.0,177.29552524527398,1.0,0.0,True,0118_01
Earth,False,TRAPPIST-1e,20.0,False,1037.0,1.0,2.0,0.0,1576.0,False,0121_01
Earth,True,55 Cancri e,5.0,False,0.0,0.0,0.0,0.0,0.0,True,0124_01
Europa,True,55 Cancri e,22.0,False,0.0,0.0,0.0,0.0,0.0,True,0125_01
Europa,False,TRAPPIST-1e,16.0,False,3966.0,2872.0,0.0,0.0,2458.0,False,0125_02
Earth,True,55 Cancri e,7.0,False,0.0,0.0,0.0,0.0,0.0,True,0130_01
Earth,False,55 Cancri e,36.0,False,0.0,0.0,571.0,36.0,0.0,True,0131_01
Mars,False,55 Cancri e,26.0,False,46.0,315.0,2305.0,0.0,97.0,True,0132_01
Earth,False,TRAPPIST-1e,40.0,False,413.0,514.0,1.0,0.0,0.0,False,0135_01
Earth,True,TRAPPIST-1e,29.0,False,0.0,0.0,0.0,0.0,0.0,True,0137_01
Mars,True,TRAPPIST-1e,2.0,False,0.0,0.0,0.0,0.0,0.0,True,0142_01
Mars,False,TRAPPIST-1e,23.0,False,378.0,402.0,0.0,0.0,509.0,False,0142_02
Mars,False,TRAPPIST-1e,0.0,False,0.0,0.0,0.0,0.0,0.0,True,0142_03
Europa,False,55 Cancri e,30.0,False,0.0,8853.0,6108.0,29.0,3523.0,True,0143_01
Earth,False,TRAPPIST-1e,56.0,False,0.0,44.0,23.0,723.0,0.0,False,0145_01
Europa,True,TRAPPIST-1e,36.0,False,0.0,0.0,0.0,0.0,0.0,True,0150_01
Europa,True,TRAPPIST-1e,56.0,False,0.0,0.0,0.0,0.0,0.0,True,0150_02
Earth,False,TRAPPIST-1e,19.0,False,32.0,0.0,521.0,0.0,223.0,True,0153_01
Earth,True,PSO J318.5-22,39.0,False,0.0,0.0,0.0,0.0,0.0,True,0154_01
Mars,False,TRAPPIST-1e,38.0,False,2.0,26.0,148.0,1213.0,0.0,False,0155_01
Mars,False,TRAPPIST-1e,28.65814620162446,False,0.0,0.0,0.0,0.0,0.0,False,0156_01
Europa,False,TRAPPIST-1e,35.0,False,0.0,463.0,0.0,1502.0,585.0,False,0157_01
Earth,False,55 Cancri e,26.0,False,832.0,0.0,0.0,21.0,136.0,False,0158_01
Earth,False,TRAPPIST-1e,31.0,False,0.0,0.0,705.0,0.0,0.0,True,0158_02
Earth,False,TRAPPIST-1e,38.0,False,0.0,3.0,0.0,756.0,0.0,False,0159_01
Earth,False,55 Cancri e,27.0,False,219.26626936829558,11.0,0.0,0.0,1172.0,False,0161_01
Mars,True,55 Cancri e,30.0,False,0.0,0.0,0.0,0.0,0.0,True,0162_01
Earth,False,TRAPPIST-1e,22.0,False,0.0,772.0,0.0,0.0,0.0,True,0166_01
Europa,True,TRAPPIST-1e,29.0,False,0.0,0.0,0.0,0.0,0.0,True,0168_01
Earth,True,TRAPPIST-1e,0.0,False,0.0,0.0,0.0,0.0,0.0,True,0175_01
Earth,False,55 Cancri e,8.0,False,0.0,0.0,0.0,0.0,0.0,True,0175_02
Earth,True,TRAPPIST-1e,3.0,False,0.0,0.0,0.0,0.0,0.0,True,0175_03
Earth,True,TRAPPIST-1e,27.0,False,0.0,0.0,0.0,0.0,0.0,True,0175_04
Earth,False,TRAPPIST-1e,9.0,False,0.0,0.0,0.0,0.0,0.0,True,0175_05
Earth,False,PSO J318.5-22,29.0,False,362.0,15.0,0.0,0.0,450.0,False,0176_01
Earth,False,TRAPPIST-1e,18.0,False,756.0,116.0,0.0,1.0,58.0,False,0180_01
Mars,False,TRAPPIST-1e,22.0,False,197.0,0.0,1175.0,0.0,0.0,True,0184_01
Mars,False,TRAPPIST-1e,24.0,False,6.0,11.0,1404.0,0.0,0.0,True,0185_01
Mars,True,55 Cancri e,25.0,False,0.0,0.0,0.0,0.0,0.0,True,0187_01
Earth,False,TRAPPIST-1e,36.0,False,261.0,0.0,206.0,465.0,0.0,False,0191_01
Europa,True,TRAPPIST-1e,14.0,False,0.0,0.0,0.0,0.0,0.0,True,0194_01
Europa,True,55 Cancri e,24.0,False,0.0,0.0,0.0,0.0,0.0,True,0194_02
Europa,False,55 Cancri e,26.0,True,0.0,275.0,0.0,4572.0,163.0,False,0194_03
Earth,False,PSO J318.5-22,29.0,False,1669.0,2.0,242.0,155.0,0.0,False,0204_01
Earth,False,TRAPPIST-1e,40.0,False,44.0,0.0,565.0,0.0,18.0,True,0208_01
Europa,False,TRAPPIST-1e,36.0,False,33.0,439.4842963318149,0.0,12767.0,1193.0,False,0209_01
Europa,False,TRAPPIST-1e,46.0,False,717.0,516.0,4.0,2.0,2439.0,False,0214_01
Europa,False,TRAPPIST-1e,42.0,False,4762.0,20.0,0.0,4.0,41.0,False,0214_02
Earth,True,TRAPPIST-1e,23.0,False,0.0,0.0,0.0,0.0,0.0,True,0215_01
Earth,False,TRAPPIST-1e,19.0,False,741.0,12.0,1.0,0.0,0.0,False,0218_01
Europa,False,55 Cancri e,25.0,False,3.0,3833.0,8098.0,1531.0,0.0,True,0226_01
Earth,False,TRAPPIST-1e,22.0,False,0.0,0.0,0.0,0.0,0.0,False,0227_01
Europa,True,TRAPPIST-1e,35.0,False,0.0,0.0,0.0,0.0,0.0,True,0228_01
Europa,False,55 Cancri e,39.0,False,0.0,25273.0,0.0,13.0,1714.0,True,0228_02
Europa,True,55 Cancri e,42.0,False,0.0,0.0,0.0,0.0,0.0,True,0228_03
Europa,False,TRAPPIST-1e,35.0,False,0.0,1442.0,0.0,1813.0,6439.0,False,0228_04
Earth,True,PSO J318.5-22,29.0,False,0.0,0.0,0.0,0.0,0.0,True,0230_01
Earth,False,TRAPPIST-1e,20.0,False,786.0,0.0,0.0,0.0,310.71003097450557,False,0230_02
Earth,True,TRAPPIST-1e,25.0,False,0.0,0.0,0.0,0.0,0.0,True,0235_01
Mars,True,TRAPPIST-1e,36.0,False,0.0,0.0,0.0,0.0,0.0,True,0236_01
Mars,False,TRAPPIST-1e,39.0,False,2556.0,0.0,22.0,0.0,0.0,False,0238_01
Europa,True,55 Cancri e,23.0,False,0.0,0.0,0.0,0.0,0.0,True,0247_01
Europa,True,55 Cancri e,19.0,False,0.0,0.0,0.0,0.0,0.0,True,0247_02
Earth,False,TRAPPIST-1e,50.0,False,0.0,0.0,78.0,751.0,78.0,False,0249_01
Earth,False,PSO J318.5-22,41.0,False,0.0,0.0,728.0,0.0,0.0,True,0256_01
Mars,False,55 Cancri e,19.0,False,1.0,0.0,2839.0,85.0,0.0,True,0259_01
Earth,False,TRAPPIST-1e,20.0,False,186.0,0.0,0.0,602.0,100.0,False,0262_01
Europa,True,55 Cancri e,19.0,False,0.0,0.0,0.0,0.0,0.0,True,0264_01
Europa,True,TRAPPIST-1e,38.0,False,0.0,0.0,0.0,0.0,0.0,True,0264_02
Europa,False,55 Cancri e,32.0,False,1340.0,439.4842963318149,0.0,8517.0,1256.0,False,0264_03
Mars,False,TRAPPIST-1e,44.0,False,696.0,0.0,462.0,46.0,94.0,False,0266_01
Mars,False,TRAPPIST-1e,18.0,False,1542.0,0.0,138.0,0.0,0.0,False,0266_02
Mars,False,TRAPPIST-1e,49.0,False,108.0,0.0,41.0,1560.0,0.0,False,0268_01
Mars,False,55 Cancri e,23.0,False,3186.0,0.0,0.0,2.0,0.0,False,0268_02
Earth,False,TRAPPIST-1e,31.0,False,41.0,334.0,1.0,62.0,484.0,False,0271_01
Mars,False,TRAPPIST-1e,55.0,False,1054.0,0.0,2.0,0.0,1.0,False,0272_01
Mars,False,TRAPPIST-1e,60.0,False,60.0,0.0,7022.0,0.0,0.0,True,0273_01
Mars,True,TRAPPIST-1e,20.0,False,0.0,0.0,0.0,0.0,0.0,True,0273_02
Mars,False,TRAPPIST-1e,34.0,False,301.0,0.0,79.0,919.0,0.0,False,0273_03
Mars,False,TRAPPIST-1e,14.0,False,123.0,0.0,0.0,1936.0,22.0,False,0274_01
Mars,True,TRAPPIST-1e,26.0,False,0.0,439.4842963318149,0.0,0.0,310.71003097450557,True,0274_02
Europa,False,55 Cancri e,19.0,False,0.0,86.0,0.0,368.0,4055.0,False,0276_01
Europa,True,TRAPPIST-1e,25.0,False,0.0,0.0,0.0,0.0,0.0,True,0276_02
Earth,False,55 Cancri e,42.0,False,98.0,10.0,0.0,613.0,0.0,False,0279_01
Earth,False,TRAPPIST-1e,18.0,False,212.0,678.0,12.0,0.0,0.0,True,0280_01
Mars,False,TRAPPIST-1e,50.0,False,0.0,0.0,1299.0,0.0,0.0,True,0284_01
Earth,False,TRAPPIST-1e,26.0,False,0.0,439.4842963318149,0.0,1079.0,281.0,False,0292_01
Europa,True,TRAPPIST-1e,47.0,False,0.0,0.0,0.0,0.0,0.0,True,0293_01
Earth,False,PSO J318.5-22,35.0,False,219.26626936829558,627.0,0.0,44.0,0.0,False,0295_01
Mars,False,55 Cancri e,58.0,False,73.0,0.0,422.0,978.0,0.0,False,0296_01
Earth,False,55 Cancri e,20.0,False,376.0,0.0,242.0,1.0,0.0,False,0299_01
Europa,False,TRAPPIST-1e,28.0,False,5.0,11549.0,132.0,4966.0,524.0,False,0300_01
Earth,True,PSO J318.5-22,12.0,False,219.26626936829558,0.0,0.0,0.0,0.0,True,0308_01
Earth,False,55 Cancri e,20.0,False,219.26626936829558,0.0,0.0,10.0,0.0,False,0311_01
Earth,True,TRAPPIST-1e,22.0,False,0.0,0.0,0.0,0.0,0.0,True,0312_01
Earth,False,TRAPPIST-1e,31.0,False,0.0,34.0,81.0,0.0,608.0,False,0317_01
Earth,True,PSO J318.5-22,24.0,False,0.0,0.0,0.0,0.0,0.0,True,0318_01
Mars,False,TRAPPIST-1e,17.0,False,1031.0,0.0,1026.0,42.0,0.0,False,0319_01
Mars,True,55 Cancri e,28.65814620162446,False,0.0,0.0,0.0,0.0,0.0,True,0319_02
Earth,True,55 Cancri e,18.0,False,0.0,0.0,0.0,0.0,0.0,True,0323_01
Earth,False,TRAPPIST-1e,48.0,False,219.26626936829558,755.0,0.0,0.0,0.0,True,0325_01
Earth,False,TRAPPIST-1e,38.0,False,3.0,1252.0,1.0,0.0,0.0,True,0328_01
Europa,True,55 Cancri e,33.0,False,0.0,0.0,0.0,0.0,0.0,True,0329_01
Earth,True,TRAPPIST-1e,20.0,False,0.0,0.0,0.0,0.0,0.0,True,0332_01
Mars,False,TRAPPIST-1e,22.0,False,0.0,0.0,0.0,0.0,0.0,False,0335_01
Earth,False,TRAPPIST-1e,52.0,False,356.0,34.0,288.0,0.0,124.0,False,0339_01
Earth,False,55 Cancri e,15.0,False,638.0,0.0,7.0,0.0,0.0,False,0339_02
Earth,False,TRAPPIST-1e,25.0,False,10.0,2.0,755.0,0.0,9.0,True,0339_03
Earth,True,55 Cancri e,14.0,False,0.0,0.0,0.0,0.0,0.0,True,0339_04
Earth,True,55 Cancri e,28.65814620162446,False,0.0,0.0,0.0,0.0,0.0,True,0339_05
Earth,False,TRAPPIST-1e,16.0,False,1395.0,0.0,0.0,21.0,522.0,False,0339_06
Earth,False,TRAPPIST-1e,48.0,False,1.0,0.0,259.0,308.0,450.0,False,0339_07
Earth,False,TRAPPIST-1e,36.0,False,0.0,69.0,0.0,0.0,796.0,False,0339_08
Earth,False,PSO J318.5-22,19.0,False,0.0,74.0,610.0,0.0,310.71003097450557,False,0342_01
Earth,True,PSO J318.5-22,43.0,False,0.0,0.0,0.0,0.0,0.0,True,0342_02
Europa,True,TRAPPIST-1e,32.0,False,0.0,0.0,0.0,0.0,0.0,True,0344_01
Europa,False,55 Cancri e,54.0,False,0.0,8.0,4391.0,4882.0,7.0,False,0344_02
Europa,False,TRAPPIST-1e,33.0,False,0.0,1030.0,0.0,3490.0,5832.0,False,0349_01
Europa,True,TRAPPIST-1e,21.0,False,0.0,0.0,0.0,0.0,0.0,True,0349_02
Europa,False,TRAPPIST-1e,33.0,False,23.0,0.0,737.0,493.0,1373.0,False,0349_03
Europa,True,55 Cancri e,28.0,False,0.0,0.0,0.0,0.0,0.0,True,0349_04
Europa,False,TRAPPIST-1e,23.0,False,0.0,1468.0,0.0,704.0,1193.0,False,0349_05
Europa,False,TRAPPIST-1e,26.0,False,8.0,67.0,0.0,393.0,1975.0,False,0349_06
Mars,True,TRAPPIST-1e,41.0,False,0.0,0.0,0.0,0.0,0.0,True,0351_01
Earth,True,TRAPPIST-1e,2.0,False,219.26626936829558,0.0,0.0,0.0,0.0,True,0353_01
Earth,True,PSO J318.5-22,21.0,False,0.0,0.0,0.0,0.0,0.0,True,0353_02
Earth,False,PSO J318.5-22,70.0,False,130.0,0.0,1247.0,0.0,3.0,True,0354_01
Earth,False,TRAPPIST-1e,20.0,False,0.0,1704.0,3.0,0.0,0.0,True,0362_01
Earth,False,TRAPPIST-1e,31.0,False,273.0,722.0,1.0,0.0,0.0,False,0363_01
Earth,False,TRAPPIST-1e,8.0,False,0.0,0.0,0.0,0.0,310.71003097450557,False,0363_02
Earth,True,TRAPPIST-1e,5.0,False,0.0,0.0,0.0,0.0,0.0,True,0363_03
Mars,False,TRAPPIST-1e,45.0,False,288.0,0.0,932.0,4.0,0.0,True,0364_01
Mars,False,TRAPPIST-1e,37.0,False,731.0,0.0,517.0,50.0,0.0,False,0364_02
Earth,True,TRAPPIST-1e,24.0,False,0.0,0.0,0.0,0.0,0.0,True,0366_01
Europa,False,55 Cancri e,55.0,False,0.0,538.0,0.0,6.0,5288.0,False,0367_01
Earth,False,TRAPPIST-1e,18.0,False,0.0,251.0,177.29552524527398,0.0,553.0,False,0374_01
Earth,False,TRAPPIST-1e,36.0,False,6.0,0.0,0.0,783.0,0.0,False,0374_02
Mars,False,TRAPPIST-1e,59.0,False,1678.0,439.4842963318149,0.0,0.0,0.0,False,0386_01
Earth,True,TRAPPIST-1e,61.0,False,0.0,0.0,0.0,0.0,0.0,True,0390_01
Earth,False,55 Cancri e,46.0,False,4908.0,1.0,3.0,1.0,14.0,False,0393_01
Mars,False,TRAPPIST-1e,29.0,False,87.0,1192.0,67.0,0.0,3.0,True,0394_01
Earth,True,TRAPPIST-1e,18.0,False,0.0,0.0,0.0,0.0,0.0,True,0399_01
Europa,True,TRAPPIST-1e,20.0,False,0.0,0.0,0.0,0.0,0.0,True,0400_01
Mars,False,TRAPPIST-1e,28.0,False,4.0,0.0,2219.0,0.0,0.0,True,0404_01
Earth,False,TRAPPIST-1e,26.0,False,708.0,183.0,10.0,0.0,0.0,False,0406_01
Earth,False,TRAPPIST-1e,32.0,False,642.0,0.0,759.0,332.0,1444.0,False,0414_01
Earth,False,TRAPPIST-1e,18.0,False,658.0,0.0,0.0,0.0,5.0,False,0416_01
Earth,False,TRAPPIST-1e,50.0,False,1.0,0.0,0.0,736.0,0.0,False,0418_01
Earth,False,TRAPPIST-1e,47.0,False,239.0,75.0,487.0,7.0,0.0,True,0419_01
Earth,True,PSO J318.5-22,15.0,False,0.0,0.0,0.0,0.0,0.0,True,0419_02
Earth,True,TRAPPIST-1e,35.0,False,0.0,0.0,0.0,0.0,0.0,True,0419_03
Earth,False,TRAPPIST-1e,49.0,False,189.0,439.4842963318149,0.0,882.0,0.0,False,0420_01
Europa,False,55 Cancri e,32.0,False,0.0,2116.0,6252.0,0.0,81.0,True,0421_01
Earth,False,TRAPPIST-1e,63.0,False,4.0,6.0,0.0,303.05244252873564,835.0,False,0422_01
Mars,False,TRAPPIST-1e,54.0,False,129.0,0.0,441.0,1028.0,0.0,False,0424_01
Earth,False,TRAPPIST-1e,21.0,False,128.0,0.0,20.0,628.0,0.0,False,0426_01
Mars,False,TRAPPIST-1e,38.0,False,1030.0,1347.0,197.0,3.0,0.0,False,0440_01
Mars,False,TRAPPIST-1e,50.0,False,0.0,0.0,0.0,0.0,0.0,False,0443_01
Earth,False,PSO J318.5-22,32.0,False,1.0,0.0,858.0,0.0,689.0,False,0450_01
Europa,True,55 Cancri e,33.0,False,0.0,0.0,0.0,0.0,0.0,True,0451_01
Europa,False,TRAPPIST-1e,30.0,False,0.0,870.0,67.0,1.0,461.0,False,0455_01
Earth,True,TRAPPIST-1e,28.0,False,0.0,0.0,0.0,0.0,310.71003097450557,True,0464_01
Mars,True,TRAPPIST-1e,22.0,False,0.0,0.0,0.0,0.0,0.0,True,0467_01
Mars,True,TRAPPIST-1e,28.65814620162446,False,0.0,0.0,0.0,0.0,310.71003097450557,True,0467_02
Mars,True,55 Cancri e,37.0,False,0.0,0.0,0.0,0.0,0.0,True,0467_03
Mars,False,TRAPPIST-1e,59.0,False,53.0,0.0,2736.0,0.0,0.0,True,0467_04
Europa,False,TRAPPIST-1e,31.0,False,0.0,2522.0,0.0,0.0,2756.0,False,0469_01
Earth,False,TRAPPIST-1e,25.0,False,246.0,0.0,541.0,0.0,16.0,False,0473_01
Europa,False,TRAPPIST-1e,38.0,False,8.0,147.0,0.0,7668.0,46.0,False,0478_01
Europa,True,55 Cancri e,37.0,False,0.0,0.0,0.0,0.0,0.0,True,0478_02
Europa,True,55 Cancri e,44.0,False,0.0,0.0,0.0,0.0,0.0,True,0479_01
Europa,True,TRAPPIST-1e,28.0,False,0.0,0.0,0.0,0.0,0.0,True,0483_01
Europa,False,TRAPPIST-1e,45.0,False,0.0,0.0,0.0,0.0,0.0,True,0483_02
Mars,True,55 Cancri e,53.0,False,0.0,0.0,0.0,0.0,0.0,True,0484_01
Earth,False,55 Cancri e,21.0,False,0.0,0.0,687.0,0.0,21.0,True,0486_01
Mars,True,TRAPPIST-1e,33.0,False,0.0,0.0,0.0,0.0,0.0,True,0489_01
Mars,True,TRAPPIST-1e,18.0,False,0.0,0.0,0.0,0.0,0.0,True,0489_02
Earth,False,PSO J318.5-22,37.0,False,219.26626936829558,0.0,1022.0,15.0,0.0,True,0491_01
Mars,False,TRAPPIST-1e,34.0,False,648.0,0.0,371.0,38.0,0.0,False,0492_01
Earth,True,TRAPPIST-1e,46.0,False,0.0,0.0,0.0,0.0,0.0,True,0493_01
Europa,True,55 Cancri e,18.0,False,0.0,0.0,0.0,0.0,0.0,True,0494_01
Europa,False,TRAPPIST-1e,19.0,False,1.0,1378.0,63.0,163.0,659.0,False,0494_02
Earth,True,TRAPPIST-1e,4.0,False,0.0,0.0,0.0,0.0,0.0,True,0495_01
Earth,True,TRAPPIST-1e,0.0,False,0.0,0.0,0.0,0.0,0.0,True,0495_02
Earth,True,TRAPPIST-1e,12.0,False,0.0,0.0,0.0,0.0,0.0,True,0495_03
Earth,False,TRAPPIST-1e,7.0,False,0.0,0.0,0.0,0.0,0.0,True,0495_04
Earth,False,TRAPPIST-1e,34.0,False,1729.0,17.0,0.0,303.05244252873564,1298.0,False,0495_05
Earth,False,TRAPPIST-1e,10.0,False,0.0,0.0,0.0,0.0,0.0,False,0495_06
Earth,False,55 Cancri e,0.0,False,219.26626936829558,0.0,0.0,0.0,0.0,False,0496_01
Earth,True,PSO J318.5-22,14.0,False,0.0,0.0,0.0,0.0,0.0,True,0496_02
Mars,True,TRAPPIST-1e,27.0,False,0.0,0.0,0.0,0.0,0.0,True,0497_01
Earth,False,TRAPPIST-1e,21.0,False,15.0,345.0,18.0,486.0,0.0,False,0505_01
Europa,False,55 Cancri e,37.0,False,4105.0,2081.0,1.0,118.0,446.0,False,0508_01
Earth,True,TRAPPIST-1e,29.0,False,0.0,0.0,0.0,0.0,0.0,True,0509_01
Earth,False,TRAPPIST-1e,17.0,False,441.0,0.0,131.0,315.0,5.0,False,0511_01
Earth,True,TRAPPIST-1e,17.0,False,0.0,0.0,0.0,0.0,0.0,True,0514_01
Europa,False,TRAPPIST-1e,35.0,False,0.0,6442.0,672.0,238.0,60.0,True,0524_01
Earth,True,TRAPPIST-1e,34.0,False,0.0,0.0,0.0,0.0,0.0,True,0526_01
Europa,False,TRAPPIST-1e,17.0,False,760.0,752.0,0.0,16.0,2471.0,False,0530_01
Europa,False,55 Cancri e,39.0,False,0.0,547.0,0.0,1121.0,4641.0,False,0530_02
Europa,True,55 Cancri e,56.0,False,0.0,0.0,0.0,0.0,0.0,True,0530_03
Europa,False,55 Cancri e,35.0,False,3424.0,20.0,0.0,442.0,1130.0,False,0532_01
Europa,True,TRAPPIST-1e,17.0,False,0.0,0.0,0.0,0.0,0.0,True,0532_02
Earth,False,PSO J318.5-22,29.0,False,0.0,0.0,288.0,395.0,0.0,False,0535_01
Mars,False,TRAPPIST-1e,15.0,False,4922.0,0.0,2427.0,0.0,0.0,False,0536_01
Mars,False,TRAPPIST-1e,37.0,False,1063.0,133.0,99.0,2.0,0.0,False,0536_02
Europa,True,TRAPPIST-1e,36.0,False,0.0,0.0,0.0,0.0,0.0,True,0541_01
Earth,True,TRAPPIST-1e,36.0,False,0.0,0.0,0.0,0.0,0.0,True,0543_01
Europa,False,TRAPPIST-1e,18.0,False,4.0,9352.0,0.0,10.0,46.0,True,0544_01
Mars,False,TRAPPIST-1e,61.0,False,2221.0,0.0,0.0,1.0,0.0,False,0554_01
Mars,True,TRAPPIST-1e,45.0,False,0.0,0.0,0.0,0.0,0.0,True,0557_01
Mars,True,TRAPPIST-1e,21.0,False,0.0,0.0,0.0,0.0,0.0,True,0557_02
Earth,False,TRAPPIST-1e,65.0,False,0.0,804.0,0.0,0.0,0.0,True,0558_01
Mars,False,TRAPPIST-1e,27.0,False,286.0,0.0,1023.0,0.0,0.0,True,0562_01
Mars,True,TRAPPIST-1e,13.0,False,0.0,0.0,0.0,0.0,0.0,True,0562_02
Mars,False,TRAPPIST-1e,32.0,False,2543.0,1.0,55.0,0.0,0.0,False,0574_01
Earth,True,TRAPPIST-1e,17.0,False,0.0,0.0,0.0,0.0,0.0,True,0578_01
Earth,False,TRAPPIST-1e,44.0,False,0.0,0.0,0.0,0.0,0.0,False,0578_02
Earth,True,TRAPPIST-1e,21.0,False,0.0,0.0,0.0,0.0,0.0,True,0584_01
Earth,False,TRAPPIST-1e,16.0,False,0.0,379.0,0.0,2488.0,1.0,False,0584_02
Earth,False,TRAPPIST-1e,41.0,False,0.0,1032.0,0.0,0.0,32.0,True,0592_01
Earth,True,TRAPPIST-1e,40.0,False,0.0,0.0,0.0,0.0,0.0,True,0595_01
Earth,False,TRAPPIST-1e,16.0,False,0.0,492.0,0.0,0.0,0.0,True,0601_01
Earth,False,TRAPPIST-1e,17.0,False,0.0,24.0,673.0,0.0,0.0,True,0604_01
Earth,False,TRAPPIST-1e,40.0,False,5.0,0.0,3.0,447.0,424.0,False,0605_01
Earth,True,PSO J318.5-22,37.0,False,0.0,0.0,0.0,0.0,0.0,True,0606_01
Europa,True,TRAPPIST-1e,53.0,False,0.0,0.0,0.0,0.0,0.0,True,0613_01
Europa,True,TRAPPIST-1e,42.0,False,0.0,0.0,0.0,0.0,0.0,True,0613_02
Earth,False,TRAPPIST-1e,31.0,False,0.0,428.0,177.29552524527398,1154.0,1025.0,False,0616_01
Mars,False,TRAPPIST-1e,18.0,False,1644.0,430.0,158.0,0.0,0.0,False,0617_01
Mars,False,TRAPPIST-1e,51.0,True,755.0,6.0,284.0,102.0,310.71003097450557,False,0620_01
Mars,False,TRAPPIST-1e,20.0,False,0.0,0.0,1281.0,8.0,0.0,True,0620_02
Mars,False,55 Cancri e,19.0,False,0.0,0.0,1435.0,15.0,0.0,True,0620_03
Earth,False,TRAPPIST-1e,22.0,False,499.0,46.0,174.0,61.0,7.0,False,0621_01
Europa,False,55 Cancri e,41.0,False,0.0,1528.0,11.0,10243.0,17.0,False,0622_01
Europa,False,TRAPPIST-1e,28.0,False,0.0,1048.0,1469.0,0.0,22.0,True,0624_01
Mars,True,55 Cancri e,0.0,False,0.0,0.0,0.0,0.0,0.0,True,0625_01
Mars,True,TRAPPIST-1e,42.0,False,0.0,0.0,0.0,0.0,0.0,True,0625_02
Mars,True,55 Cancri e,20.0,False,0.0,0.0,0.0,0.0,0.0,True,0625_03
Europa,True,55 Cancri e,25.0,False,0.0,0.0,0.0,0.0,0.0,True,0626_01
Europa,True,TRAPPIST-1e,22.0,False,0.0,0.0,0.0,0.0,0.0,True,0626_02
Europa,False,TRAPPIST-1e,25.0,True,30.0,5718.0,0.0,0.0,1385.0,True,0626_03
Mars,False,TRAPPIST-1e,45.0,False,0.0,0.0,1057.0,0.0,0.0,True,0627_01
Earth,False,TRAPPIST-1e,19.0,False,0.0,77.0,0.0,532.0,256.0,False,0632_01
Earth,False,PSO J318.5-22,16.0,False,72.0,4.0,1456.0,303.05244252873564,0.0,True,0632_02
Earth,True,TRAPPIST-1e,18.0,False,0.0,0.0,0.0,0.0,0.0,True,0632_03
Europa,True,TRAPPIST-1e,38.0,False,0.0,0.0,0.0,0.0,0.0,True,0640_01
Europa,True,55 Cancri e,27.0,False,0.0,0.0,0.0,0.0,0.0,True,0640_02
Mars,False,55 Cancri e,36.0,False,748.0,0.0,222.0,0.0,0.0,False,0648_01
Mars,False,TRAPPIST-1e,21.0,False,1045.0,90.0,1110.0,333.0,0.0,False,0648_02
Earth,False,TRAPPIST-1e,1.0,False,0.0,0.0,0.0,0.0,0.0,True,0649_01
Europa,True,TRAPPIST-1e,25.0,False,0.0,0.0,0.0,0.0,0.0,True,0651_01
Earth,True,PSO J318.5-22,3.0,False,0.0,0.0,0.0,0.0,0.0,True,0652_01
Earth,False,TRAPPIST-1e,7.0,False,0.0,0.0,0.0,0.0,0.0,True,0652_02
Earth,False,TRAPPIST-1e,0.0,False,0.0,0.0,0.0,0.0,0.0,True,0652_03
Earth,False,TRAPPIST-1e,32.0,False,632.0,0.0,0.0,2.0,0.0,False,0652_04
Earth,False,55 Cancri e,5.0,False,0.0,0.0,0.0,0.0,0.0,True,0652_05
Earth,False,TRAPPIST-1e,79.0,False,0.0,0.0,881.0,7.0,0.0,True,0654_01
Earth,False,TRAPPIST-1e,19.0,False,0.0,0.0,691.0,0.0,57.0,True,0662_01
Earth,True,TRAPPIST-1e,30.0,False,0.0,0.0,0.0,0.0,310.71003097450557,True,0666_01
Earth,False,TRAPPIST-1e,13.0,False,1.0,875.0,0.0,0.0,0.0,True,0666_02
Mars,False,TRAPPIST-1e,53.0,False,596.0,0.0,1608.0,505.0,0.0,False,0667_01
Mars,False,TRAPPIST-1e,40.0,False,710.0,379.0,264.0,0.0,5.0,False,0670_01
Mars,False,TRAPPIST-1e,32.0,False,1279.0,0.0,20.0,0.0,0.0,False,0670_02
Earth,True,55 Cancri e,31.0,False,0.0,439.4842963318149,0.0,0.0,0.0,True,0673_01
Earth,False,TRAPPIST-1e,63.0,False,13.0,1415.0,0.0,170.0,21.0,False,0675_01
Mars,False,TRAPPIST-1e,18.0,False,219.26626936829558,0.0,54.0,0.0,0.0,False,0676_01
Earth,True,TRAPPIST-1e,21.0,False,0.0,0.0,0.0,0.0,0.0,True,0681_01
Earth,False,TRAPPIST-1e,14.0,False,9.0,0.0,1790.0,8.0,31.0,True,0692_01
Earth,True,PSO J318.5-22,41.0,False,0.0,0.0,0.0,0.0,0.0,True,0694_01
Earth,True,55 Cancri e,40.0,False,0.0,0.0,0.0,0.0,0.0,True,0695_01
Earth,False,TRAPPIST-1e,58.0,False,0.0,0.0,46.0,755.0,0.0,False,0698_01
Earth,False,TRAPPIST-1e,22.0,False,0.0,65.0,221.0,5.0,304.0,False,0700_01
Earth,True,55 Cancri e,13.0,False,0.0,0.0,0.0,0.0,0.0,True,0706_01
Europa,True,TRAPPIST-1e,16.0,False,0.0,0.0,0.0,0.0,0.0,True,0708_01
Europa,True,55 Cancri e,13.0,False,0.0,0.0,0.0,0.0,0.0,True,0708_02
Mars,False,TRAPPIST-1e,15.0,False,1344.0,0.0,1020.0,0.0,1.0,False,0711_01
Mars,False,TRAPPIST-1e,42.0,False,466.0,0.0,583.0,0.0,0.0,False,0716_01
Europa,True,TRAPPIST-1e,24.0,False,0.0,0.0,0.0,0.0,0.0,True,0717_01
Europa,False,55 Cancri e,19.0,False,0.0,1502.0,1.0,874.0,437.0,False,0717_02
Europa,True,TRAPPIST-1e,28.65814620162446,False,0.0,0.0,0.0,0.0,0.0,True,0717_03
Europa,True,TRAPPIST-1e,29.0,False,0.0,0.0,0.0,0.0,0.0,True,0717_04
Europa,False,TRAPPIST-1e,15.0,False,0.0,437.0,0.0,2.0,4679.0,False,0717_05
Europa,False,TRAPPIST-1e,38.0,False,1.0,2352.0,1604.0,66.0,2583.0,False,0717_06
Europa,True,55 Cancri e,49.0,False,0.0,0.0,0.0,0.0,0.0,True,0717_07
Mars,True,TRAPPIST-1e,20.0,False,0.0,0.0,0.0,0.0,0.0,True,0720_01
Mars,False,TRAPPIST-1e,28.65814620162446,False,0.0,0.0,0.0,0.0,0.0,False,0720_02
Mars,False,TRAPPIST-1e,19.0,False,1661.0,0.0,350.0,336.0,231.0,False,0720_03
Earth,False,TRAPPIST-1e,46.0,False,17.0,43.0,659.0,40.0,0.0,True,0721_01
Mars,False,TRAPPIST-1e,21.0,False,559.0,725.0,3.0,0.0,0.0,False,0722_01
Earth,False,55 Cancri e,29.0,False,0.0,0.0,33.0,539.0,0.0,False,0723_01
Earth,True,PSO J318.5-22,28.65814620162446,False,0.0,0.0,0.0,0.0,0.0,True,0725_01
Earth,False,TRAPPIST-1e,44.0,False,14.0,0.0,1817.0,2.0,171.0,True,0730_01
Earth,False,TRAPPIST-1e,19.0,False,720.0,0.0,7.0,0.0,32.0,False,0731_01
Earth,False,TRAPPIST-1e,29.0,False,60.0,480.0,5.0,0.0,276.0,False,0731_02
Mars,False,TRAPPIST-1e,25.0,False,266.0,98.0,748.0,169.0,6.0,True,0735_01
Earth,False,TRAPPIST-1e,41.0,False,0.0,885.0,0.0,0.0,0.0,True,0739_01
Earth,False,55 Cancri e,19.0,False,219.26626936829558,163.0,1487.0,1.0,223.0,True,0741_01
Mars,False,TRAPPIST-1e,33.0,False,4.0,153.0,892.0,0.0,0.0,True,0742_01
Mars,True,TRAPPIST-1e,25.0,False,0.0,0.0,0.0,0.0,0.0,True,0742_02
Europa,True,55 Cancri e,44.0,False,219.26626936829558,0.0,0.0,0.0,0.0,True,0744_01
Earth,False,TRAPPIST-1e,21.0,False,0.0,0.0,0.0,787.0,1.0,False,0745_01
Mars,False,TRAPPIST-1e,32.0,False,530.0,0.0,1195.0,11.0,788.0,False,0747_01
Mars,True,TRAPPIST-1e,33.0,False,0.0,0.0,0.0,0.0,0.0,True,0748_01
Mars,False,TRAPPIST-1e,32.0,False,1705.0,0.0,175.0,434.0,172.0,False,0748_02
Mars,True,TRAPPIST-1e,19.0,False,0.0,0.0,0.0,0.0,0.0,True,0749_01
Mars,True,TRAPPIST-1e,21.0,False,0.0,0.0,177.29552524527398,0.0,0.0,True,0751_01
Earth,True,TRAPPIST-1e,23.0,False,0.0,0.0,0.0,0.0,0.0,True,0752_01
Europa,False,55 Cancri e,31.0,False,0.0,1029.0,1247.0,0.0,52.0,True,0755_01
Europa,False,TRAPPIST-1e,22.0,False,3.0,2490.0,0.0,1197.0,144.0,False,0758_01
Europa,True,55 Cancri e,74.0,False,0.0,0.0,0.0,0.0,0.0,True,0758_02
Europa,False,TRAPPIST-1e,53.0,False,472.0,3.0,0.0,1935.0,2505.0,False,0758_03
Europa,True,55 Cancri e,40.0,False,0.0,0.0,0.0,0.0,0.0,True,0759_01
Europa,False,55 Cancri e,23.0,False,0.0,4733.0,0.0,1412.0,4419.0,False,0759_02
Europa,True,TRAPPIST-1e,36.0,False,0.0,0.0,0.0,0.0,0.0,True,0759_03
Earth,False,TRAPPIST-1e,18.0,False,178.0,0.0,11.0,478.0,0.0,False,0760_01
Europa,True,TRAPPIST-1e,29.0,False,0.0,0.0,0.0,0.0,0.0,True,0763_01
Europa,False,TRAPPIST-1e,48.0,False,1.0,14.0,2.0,3717.0,0.0,False,0763_02
Mars,True,TRAPPIST-1e,34.0,False,0.0,0.0,0.0,0.0,0.0,True,0766_01
Europa,False,TRAPPIST-1e,34.0,False,0.0,3410.0,0.0,0.0,1456.0,True,0774_01
Europa,False,55 Cancri e,27.0,False,0.0,1288.0,0.0,1342.0,3506.0,False,0774_02
Europa,False,TRAPPIST-1e,44.0,False,0.0,0.0,0.0,0.0,0.0,True,0774_03
Europa,False,TRAPPIST-1e,0.0,False,0.0,0.0,0.0,0.0,0.0,True,0775_01
Europa,True,TRAPPIST-1e,1.0,False,0.0,0.0,0.0,0.0,0.0,True,0775_02
Europa,True,TRAPPIST-1e,18.0,False,0.0,0.0,0.0,0.0,0.0,True,0775_03
Europa,False,TRAPPIST-1e,23.0,False,0.0,1857.0,1.0,386.0,15940.0,False,0775_04
Europa,False,TRAPPIST-1e,26.0,False,0.0,3326.0,3.0,621.0,51.0,True,0775_05
Europa,True,55 Cancri e,46.0,False,0.0,0.0,0.0,0.0,0.0,True,0775_06
Europa,True,TRAPPIST-1e,41.0,False,0.0,0.0,0.0,0.0,0.0,True,0778_01
Europa,False,55 Cancri e,25.0,False,0.0,1641.0,20.0,1663.0,10.0,False,0778_02
Mars,True,TRAPPIST-1e,50.0,False,0.0,0.0,0.0,303.05244252873564,0.0,True,0780_01
Earth,False,TRAPPIST-1e,28.0,False,2.0,372.0,0.0,0.0,506.0,False,0783_01
Earth,True,PSO J318.5-22,17.0,False,0.0,0.0,0.0,0.0,0.0,True,0792_01
Europa,False,55 Cancri e,29.0,True,149.0,1704.0,0.0,7402.0,14.0,False,0800_01
Mars,True,TRAPPIST-1e,19.0,False,0.0,0.0,0.0,0.0,0.0,True,0801_01
Earth,False,55 Cancri e,34.0,False,0.0,0.0,0.0,0.0,0.0,True,0803_01
Europa,True,55 Cancri e,28.0,False,0.0,0.0,0.0,0.0,0.0,True,0804_01
Mars,False,TRAPPIST-1e,47.0,False,3682.0,3636.0,177.29552524527398,83.0,310.71003097450557,False,0807_01
Mars,False,TRAPPIST-1e,28.0,False,830.0,0.0,278.0,3.0,2.0,False,0810_01
Mars,True,TRAPPIST-1e,38.0,False,0.0,439.4842963318149,0.0,0.0,0.0,True,0812_01
Mars,False,TRAPPIST-1e,22.0,True,2227.0,324.0,47.0,303.05244252873564,0.0,False,0814_01
Mars,False,55 Cancri e,18.0,False,0.0,0.0,0.0,0.0,0.0,True,0821_01
Europa,False,TRAPPIST-1e,21.0,False,0.0,2673.0,0.0,1678.0,30.0,False,0827_01
Europa,False,TRAPPIST-1e,40.0,False,0.0,0.0,0.0,0.0,0.0,True,0827_02
Europa,True,55 Cancri e,67.0,False,0.0,0.0,0.0,0.0,0.0,True,0827_03
Earth,False,PSO J318.5-22,39.0,False,182.0,148.0,35.0,23.0,277.0,False,0831_01
Earth,True,PSO J318.5-22,19.0,False,0.0,0.0,0.0,0.0,0.0,True,0832_01
Europa,True,TRAPPIST-1e,28.0,False,0.0,0.0,0.0,0.0,0.0,True,0837_01
Europa,False,55 Cancri e,29.0,False,0.0,699.0,377.0,3858.0,6.0,False,0837_02
Mars,True,TRAPPIST-1e,22.0,False,0.0,0.0,0.0,0.0,0.0,True,0838_01
Mars,False,TRAPPIST-1e,23.0,False,2577.0,0.0,0.0,0.0,2.0,False,0838_02
Earth,False,PSO J318.5-22,41.0,False,0.0,171.0,80.0,2393.0,4.0,False,0841_01
Mars,True,TRAPPIST-1e,25.0,False,0.0,0.0,0.0,0.0,0.0,True,0842_01
Earth,True,PSO J318.5-22,43.0,False,0.0,0.0,0.0,0.0,0.0,True,0843_01
Mars,True,TRAPPIST-1e,54.0,False,0.0,0.0,0.0,0.0,0.0,True,0844_01
Earth,False,TRAPPIST-1e,14.0,False,698.0,0.0,0.0,1.0,0.0,False,0847_01
Europa,True,TRAPPIST-1e,69.0,False,0.0,0.0,0.0,0.0,0.0,True,0852_01
Earth,True,PSO J318.5-22,24.0,False,0.0,439.4842963318149,0.0,0.0,0.0,True,0854_01
Europa,False,TRAPPIST-1e,37.0,False,0.0,0.0,0.0,0.0,0.0,True,0855_01
Earth,False,TRAPPIST-1e,28.0,False,869.0,0.0,2.0,0.0,0.0,False,0856_01
Europa,False,55 Cancri e,59.0,False,0.0,2935.0,529.0,21.0,462.0,True,0857_01
Mars,False,TRAPPIST-1e,20.0,False,2024.0,0.0,269.0,13.0,0.0,False,0858_01
Mars,True,TRAPPIST-1e,23.0,False,0.0,0.0,0.0,0.0,310.71003097450557,True,0858_02
Earth,False,TRAPPIST-1e,59.0,False,0.0,0.0,0.0,0.0,0.0,False,0861_01
Earth,True,TRAPPIST-1e,20.0,False,0.0,0.0,0.0,0.0,0.0,True,0862_01
Mars,False,TRAPPIST-1e,36.0,False,3160.0,0.0,12.0,0.0,310.71003097450557,False,0864_01
Mars,True,TRAPPIST-1e,43.0,False,0.0,0.0,0.0,0.0,0.0,True,0864_02
Mars,True,TRAPPIST-1e,9.0,False,0.0,0.0,0.0,0.0,0.0,True,0864_03
Mars,True,TRAPPIST-1e,32.0,False,0.0,0.0,0.0,0.0,0.0,True,0866_01
Earth,False,TRAPPIST-1e,24.0,False,780.0,0.0,0.0,2.0,6.0,False,0872_01
Mars,True,PSO J318.5-22,14.0,False,0.0,0.0,0.0,0.0,0.0,True,0880_01
Mars,True,TRAPPIST-1e,45.0,False,0.0,0.0,0.0,0.0,310.71003097450557,True,0880_02
Earth,False,TRAPPIST-1e,23.0,False,299.0,4958.0,299.0,0.0,93.0,True,0882_01
Earth,False,TRAPPIST-1e,59.0,False,0.0,0.0,0.0,7.0,833.0,False,0884_01
Earth,False,TRAPPIST-1e,28.0,False,0.0,0.0,762.0,0.0,0.0,True,0884_02
Mars,False,TRAPPIST-1e,61.0,False,1399.0,0.0,693.0,0.0,0.0,False,0886_01
Mars,True,TRAPPIST-1e,52.0,False,0.0,0.0,0.0,0.0,0.0,True,0886_02
Mars,True,TRAPPIST-1e,5.0,False,0.0,0.0,0.0,0.0,0.0,True,0886_03
Europa,False,TRAPPIST-1e,51.0,False,0.0,54.0,0.0,22.0,5915.0,False,0887_01
Europa,False,TRAPPIST-1e,26.0,False,61.0,1124.0,59.0,2217.0,622.0,False,0887_02
Mars,False,TRAPPIST-1e,44.0,False,589.0,0.0,235.0,20.0,31.0,False,0888_01
Mars,False,TRAPPIST-1e,46.0,False,1246.0,0.0,3767.0,1.0,0.0,False,0888_02
Mars,False,TRAPPIST-1e,32.0,False,176.0,0.0,2851.0,0.0,0.0,True,0891_01
Europa,True,TRAPPIST-1e,17.0,False,0.0,0.0,0.0,0.0,0.0,True,0892_01
Europa,True,55 Cancri e,21.0,False,0.0,0.0,0.0,0.0,0.0,True,0892_02
Europa,True,55 Cancri e,52.0,False,0.0,0.0,177.29552524527398,0.0,0.0,True,0892_03
Europa,True,55 Cancri e,52.0,False,0.0,0.0,0.0,0.0,0.0,True,0894_01
Earth,False,TRAPPIST-1e,14.0,False,0.0,1277.0,0.0,241.0,310.71003097450557,False,0895_01
Earth,False,TRAPPIST-1e,21.0,False,0.0,0.0,644.0,303.05244252873564,0.0,False,0896_01
Europa,True,55 Cancri e,42.0,False,0.0,0.0,0.0,0.0,0.0,True,0897_01
Europa,True,TRAPPIST-1e,28.0,False,0.0,0.0,0.0,0.0,0.0,True,0897_02
Earth,True,PSO J318.5-22,26.0,False,0.0,0.0,0.0,0.0,0.0,True,0900_01
Earth,True,TRAPPIST-1e,7.0,False,0.0,0.0,0.0,0.0,0.0,True,0908_01
Mars,False,TRAPPIST-1e,14.0,False,1793.0,0.0,300.0,0.0,0.0,False,0909_01
Mars,True,TRAPPIST-1e,3.0,False,0.0,0.0,0.0,0.0,0.0,True,0909_02
Mars,True,TRAPPIST-1e,26.0,False,0.0,0.0,0.0,0.0,0.0,True,0909_03
Europa,False,55 Cancri e,54.0,False,0.0,8179.0,0.0,2673.0,6512.0,False,0914_01
Earth,False,TRAPPIST-1e,55.0,False,0.0,4.0,512.0,365.0,0.0,False,0916_01
Mars,False,TRAPPIST-1e,16.0,False,9.0,0.0,1162.0,2.0,0.0,True,0917_01
Europa,False,TRAPPIST-1e,38.0,False,0.0,6915.0,0.0,3243.0,5218.0,False,0920_01
Earth,False,TRAPPIST-1e,48.0,False,411.0,405.0,31.0,5.0,34.0,False,0929_01
Earth,False,55 Cancri e,13.0,False,483.0,0.0,28.0,375.0,0.0,False,0934_01
Earth,False,TRAPPIST-1e,20.0,False,0.0,4.0,0.0,732.0,1.0,False,0936_01
Mars,True,TRAPPIST-1e,18.0,False,0.0,0.0,0.0,0.0,0.0,True,0937_01
Mars,True,TRAPPIST-1e,45.0,False,0.0,0.0,0.0,0.0,0.0,True,0943_01
Mars,True,TRAPPIST-1e,5.0,False,0.0,0.0,0.0,0.0,0.0,True,0943_02
Mars,False,55 Cancri e,42.0,False,22.0,0.0,697.0,798.0,0.0,False,0943_03
Mars,False,55 Cancri e,50.0,False,901.0,0.0,242.0,160.0,0.0,False,0945_01
Mars,False,TRAPPIST-1e,21.0,False,590.0,0.0,114.0,0.0,415.0,False,0945_02
Earth,False,TRAPPIST-1e,22.0,False,141.0,695.0,0.0,116.0,482.0,False,0948_01
Mars,True,TRAPPIST-1e,23.0,False,0.0,0.0,0.0,0.0,0.0,True,0950_01
Earth,False,PSO J318.5-22,22.0,False,0.0,154.0,497.0,16.0,1.0,True,0954_01
Earth,False,TRAPPIST-1e,21.0,False,0.0,60.0,0.0,303.05244252873564,653.0,False,0958_01
Earth,False,PSO J318.5-22,24.0,False,640.0,155.0,0.0,0.0,0.0,False,0959_01
Earth,False,TRAPPIST-1e,24.0,False,9.0,71.0,2572.0,0.0,0.0,True,0962_01
Europa,True,TRAPPIST-1e,42.0,False,0.0,0.0,0.0,0.0,0.0,True,0963_01
Earth,False,TRAPPIST-1e,19.0,False,1.0,0.0,0.0,0.0,632.0,False,0967_01
Earth,False,TRAPPIST-1e,32.0,False,0.0,0.0,0.0,0.0,908.0,False,0973_01
Earth,False,TRAPPIST-1e,35.0,False,666.0,175.0,783.0,0.0,0.0,False,0974_01
Earth,True,PSO J318.5-22,19.0,False,0.0,0.0,0.0,0.0,0.0,True,0977_01
Earth,False,TRAPPIST-1e,55.0,False,0.0,24.0,52.0,808.0,0.0,False,0980_01
Earth,False,TRAPPIST-1e,35.0,False,0.0,382.0,0.0,370.0,156.0,False,0981_01
Earth,True,TRAPPIST-1e,63.0,False,0.0,0.0,0.0,0.0,0.0,True,0981_02
Europa,False,TRAPPIST-1e,66.0,False,2164.0,46.0,0.0,6962.0,2257.0,False,0986_01
Europa,True,55 Cancri e,45.0,False,0.0,0.0,0.0,0.0,0.0,True,0986_02
Earth,False,PSO J318.5-22,20.0,False,0.0,363.0,344.0,0.0,165.0,False,0996_01
Earth,True,PSO J318.5-22,21.0,False,0.0,0.0,0.0,0.0,0.0,True,0999_01
Earth,False,TRAPPIST-1e,51.0,False,0.0,908.0,0.0,0.0,0.0,True,0999_02
Earth,False,TRAPPIST-1e,13.0,False,731.0,0.0,51.0,0.0,0.0,False,1003_01
Earth,False,TRAPPIST-1e,24.0,False,826.0,5.0,1.0,56.0,0.0,False,1007_01
Mars,False,TRAPPIST-1e,28.0,False,240.0,161.0,0.0,0.0,1405.0,False,1009_01
Mars,True,TRAPPIST-1e,52.0,False,0.0,0.0,0.0,0.0,0.0,True,1010_01
Europa,False,55 Cancri e,32.0,False,0.0,2983.0,0.0,6282.0,74.0,False,1016_01
Earth,False,TRAPPIST-1e,23.0,False,0.0,458.0,151.0,256.0,0.0,False,1021_01
Mars,True,TRAPPIST-1e,37.0,False,0.0,0.0,0.0,0.0,0.0,True,1023_01
Earth,True,PSO J318.5-22,35.0,False,0.0,0.0,0.0,0.0,0.0,True,1028_01
Earth,True,TRAPPIST-1e,46.0,False,219.26626936829558,0.0,0.0,0.0,0.0,True,1037_01
Earth,False,TRAPPIST-1e,33.0,False,553.0,6.0,0.0,0.0,90.0,False,1039_01
Europa,False,55 Cancri e,34.0,True,0.0,1286.0,39.0,527.0,57.0,True,1042_01
Earth,False,TRAPPIST-1e,51.0,False,0.0,111.0,1719.0,45.0,4.0,True,1044_01
Earth,True,TRAPPIST-1e,28.65814620162446,False,0.0,0.0,177.29552524527398,0.0,0.0,True,1050_01
Earth,False,TRAPPIST-1e,27.0,False,54.0,47.0,630.0,0.0,53.0,True,1055_01
Europa,True,55 Cancri e,22.0,False,0.0,0.0,0.0,0.0,0.0,True,1059_01
Europa,True,55 Cancri e,33.0,False,0.0,0.0,0.0,0.0,0.0,True,1059_02
Europa,True,55 Cancri e,31.0,False,0.0,0.0,0.0,0.0,0.0,True,1061_01
Earth,False,TRAPPIST-1e,16.0,False,0.0,0.0,978.0,9.0,0.0,True,1064_01
Earth,False,55 Cancri e,6.0,False,0.0,0.0,0.0,0.0,0.0,True,1064_02
Earth,False,PSO J318.5-22,18.0,False,289.0,0.0,423.0,150.0,508.0,False,1067_01
Europa,True,55 Cancri e,30.0,False,0.0,0.0,0.0,0.0,0.0,True,1069_01
Earth,False,TRAPPIST-1e,24.0,False,0.0,92.0,656.0,0.0,0.0,True,1070_01
Earth,True,PSO J318.5-22,57.0,False,0.0,0.0,0.0,0.0,0.0,True,1072_01
Earth,True,TRAPPIST-1e,24.0,False,0.0,0.0,0.0,303.05244252873564,0.0,True,1072_02
Earth,False,TRAPPIST-1e,23.0,False,0.0,784.0,177.29552524527398,0.0,1.0,True,1072_03
Earth,False,TRAPPIST-1e,40.0,False,150.0,8.0,565.0,60.0,0.0,True,1072_04
Earth,False,55 Cancri e,21.0,False,699.0,0.0,0.0,0.0,18.0,False,1072_05
Earth,False,TRAPPIST-1e,17.0,False,154.0,49.0,540.0,0.0,0.0,True,1072_06
Earth,True,55 Cancri e,25.0,False,0.0,439.4842963318149,0.0,0.0,0.0,True,1072_07
Earth,True,TRAPPIST-1e,34.0,False,0.0,0.0,0.0,0.0,0.0,True,1072_08
Earth,False,TRAPPIST-1e,18.0,False,212.0,188.0,38.0,0.0,449.0,False,1073_01
Earth,False,TRAPPIST-1e,8.0,False,0.0,0.0,0.0,0.0,0.0,False,1074_01
Earth,True,PSO J318.5-22,14.0,False,0.0,0.0,0.0,0.0,0.0,True,1074_02
Earth,False,TRAPPIST-1e,16.0,False,0.0,0.0,0.0,0.0,0.0,False,1081_01
Mars,False,TRAPPIST-1e,22.0,False,4.0,192.0,1161.0,11.0,19.0,True,1087_01
Europa,True,TRAPPIST-1e,21.0,False,0.0,0.0,0.0,0.0,0.0,True,1090_01
Europa,False,55 Cancri e,23.0,False,0.0,7600.0,177.29552524527398,188.0,12863.0,False,1090_02
Earth,True,55 Cancri e,26.0,False,0.0,0.0,0.0,0.0,0.0,True,1092_01
Mars,False,TRAPPIST-1e,18.0,False,2233.0,0.0,346.0,0.0,0.0,False,1098_01
Earth,False,TRAPPIST-1e,72.0,False,0.0,708.0,0.0,1.0,11.0,False,1101_01
Mars,False,TRAPPIST-1e,18.0,False,1216.0,0.0,32.0,41.0,0.0,False,1103_01
Europa,True,55 Cancri e,24.0,False,0.0,0.0,0.0,0.0,0.0,True,1104_01
Mars,False,TRAPPIST-1e,36.0,False,1199.0,27.0,83.0,0.0,0.0,False,1106_01
Mars,True,TRAPPIST-1e,13.0,False,0.0,0.0,0.0,0.0,0.0,True,1106_02
Earth,False,TRAPPIST-1e,19.0,False,132.0,575.0,294.0,0.0,513.0,False,1107_01
Earth,False,PSO J318.5-22,28.0,False,847.0,20.0,0.0,77.0,0.0,False,1109_01
Earth,True,55 Cancri e,2.0,False,0.0,0.0,0.0,0.0,0.0,True,1111_01
Earth,True,TRAPPIST-1e,5.0,False,0.0,0.0,0.0,0.0,0.0,True,1111_02
Earth,False,55 Cancri e,25.0,False,0.0,0.0,150.0,562.0,6.0,False,1111_03
Europa,False,TRAPPIST-1e,45.0,False,0.0,283.0,0.0,3613.0,0.0,False,1118_01
Europa,True,TRAPPIST-1e,59.0,False,0.0,0.0,0.0,0.0,0.0,True,1118_02
Europa,False,TRAPPIST-1e,6.0,False,0.0,0.0,0.0,0.0,0.0,True,1118_03
Europa,False,TRAPPIST-1e,36.0,False,1477.0,2036.0,0.0,484.0,0.0,False,1118_04
Europa,False,TRAPPIST-1e,40.0,False,0.0,10.0,0.0,4.0,6119.0,False,1118_05
Mars,False,TRAPPIST-1e,36.0,True,43.0,314.0,352.0,732.0,3.0,False,1119_01
Mars,True,TRAPPIST-1e,31.0,False,0.0,0.0,0.0,0.0,0.0,True,1119_02
Earth,False,PSO J318.5-22,19.0,False,0.0,439.4842963318149,2329.0,0.0,1.0,True,1120_01
Earth,True,TRAPPIST-1e,13.0,False,0.0,0.0,0.0,0.0,0.0,True,1122_01
Europa,True,TRAPPIST-1e,31.0,False,0.0,0.0,0.0,0.0,0.0,True,1124_01
Earth,True,TRAPPIST-1e,22.0,False,0.0,0.0,0.0,0.0,0.0,True,1124_02
Europa,False,55 Cancri e,52.0,False,0.0,225.0,0.0,1624.0,49.0,False,1124_03
Earth,False,TRAPPIST-1e,22.0,False,555.0,16.0,181.0,0.0,24.0,False,1125_01
Earth,True,TRAPPIST-1e,34.0,False,0.0,0.0,0.0,0.0,0.0,True,1125_02
Mars,True,TRAPPIST-1e,23.0,False,0.0,0.0,0.0,0.0,0.0,True,1126_01
Europa,True,55 Cancri e,14.0,False,0.0,0.0,0.0,0.0,0.0,True,1128_01
Europa,True,TRAPPIST-1e,30.0,False,0.0,0.0,0.0,0.0,0.0,True,1128_02
Europa,True,55 Cancri e,75.0,False,0.0,0.0,0.0,0.0,0.0,True,1131_01
Europa,False,TRAPPIST-1e,28.0,False,1371.0,1447.0,0.0,303.05244252873564,6151.0,False,1135_01
Europa,False,55 Cancri e,61.0,False,26.0,3606.0,177.29552524527398,0.0,138.0,True,1135_02
Europa,False,TRAPPIST-1e,25.0,False,0.0,1039.0,12.0,4584.0,2158.0,False,1135_03
Europa,False,55 Cancri e,21.0,False,411.0,7312.0,14.0,22.0,215.0,True,1135_04
Europa,False,TRAPPIST-1e,28.65814620162446,False,0.0,1537.0,177.29552524527398,112.0,753.0,False,1137_01
Europa,False,55 Cancri e,28.0,True,0.0,109.0,0.0,1514.0,942.0,False,1137_02
Europa,False,TRAPPIST-1e,41.0,False,0.0,6523.0,0.0,13.0,0.0,True,1138_01
Earth,True,PSO J318.5-22,25.0,False,0.0,0.0,0.0,0.0,0.0,True,1139_01
Earth,False,55 Cancri e,28.0,False,0.0,172.0,539.0,91.0,0.0,True,1143_01
Mars,False,TRAPPIST-1e,0.0,False,0.0,0.0,0.0,0.0,0.0,True,1145_01
Mars,False,TRAPPIST-1e,19.0,False,775.0,0.0,1863.0,0.0,0.0,False,1145_02
Mars,False,TRAPPIST-1e,22.0,False,1031.0,0.0,16.0,1.0,0.0,False,1145_03
Mars,False,TRAPPIST-1e,2.0,False,0.0,0.0,0.0,0.0,0.0,True,1145_04
Earth,False,55 Cancri e,35.0,False,219.26626936829558,0.0,783.0,10.0,6.0,True,1151_01
Earth,False,TRAPPIST-1e,42.0,False,1030.0,0.0,48.0,463.0,310.71003097450557,False,1157_01
Mars,True,TRAPPIST-1e,46.0,False,0.0,0.0,0.0,0.0,0.0,True,1158_01
Mars,True,TRAPPIST-1e,26.0,False,219.26626936829558,0.0,0.0,0.0,0.0,True,1158_02
Earth,True,PSO J318.5-22,19.0,False,0.0,0.0,0.0,0.0,0.0,True,1159_01
Earth,False,TRAPPIST-1e,11.0,False,0.0,0.0,0.0,0.0,310.71003097450557,False,1159_02
Earth,True,PSO J318.5-22,11.0,False,0.0,0.0,0.0,0.0,0.0,True,1159_03
Mars,False,TRAPPIST-1e,17.0,False,26.0,0.0,1094.0,0.0,0.0,True,1160_01
Earth,False,TRAPPIST-1e,23.0,False,220.0,0.0,819.0,47.0,0.0,True,1164_01
Earth,False,TRAPPIST-1e,37.0,False,219.26626936829558,0.0,225.0,1.0,2170.0,False,1171_01
Mars,True,TRAPPIST-1e,18.0,False,0.0,0.0,0.0,303.05244252873564,0.0,True,1172_01
Mars,False,TRAPPIST-1e,48.0,False,527.0,2.0,1547.0,38.0,0.0,True,1176_01
Earth,False,TRAPPIST-1e,18.0,False,18.0,0.0,1.0,449.0,307.0,False,1181_01
Europa,True,TRAPPIST-1e,18.0,False,0.0,0.0,0.0,0.0,0.0,True,1183_01
Europa,False,TRAPPIST-1e,32.0,True,3.0,2235.0,927.0,142.0,1582.0,False,1183_02
Europa,True,55 Cancri e,26.0,False,0.0,0.0,0.0,0.0,0.0,True,1183_03
Europa,True,PSO J318.5-22,26.0,False,0.0,0.0,0.0,0.0,0.0,True,1184_01
Earth,False,55 Cancri e,55.0,False,0.0,156.0,0.0,303.05244252873564,361.0,False,1184_02
Earth,False,55 Cancri e,19.0,False,678.0,0.0,0.0,38.0,0.0,False,1189_01
Mars,False,TRAPPIST-1e,65.0,False,1710.0,0.0,219.0,12.0,0.0,False,1194_01
Mars,False,TRAPPIST-1e,28.0,False,1789.0,0.0,597.0,0.0,120.0,False,1196_01
Mars,False,TRAPPIST-1e,24.0,False,770.0,55.0,325.0,0.0,0.0,False,1196_02
Europa,True,55 Cancri e,52.0,False,0.0,0.0,0.0,0.0,310.71003097450557,True,1200_01
Europa,False,TRAPPIST-1e,67.0,False,0.0,4099.0,169.0,221.0,5815.0,False,1201_01
Europa,False,TRAPPIST-1e,34.0,False,0.0,3533.0,0.0,757.0,34.0,True,1201_02
Mars,False,TRAPPIST-1e,23.0,False,1459.0,0.0,608.0,0.0,14.0,False,1202_01
Earth,False,TRAPPIST-1e,26.0,False,0.0,0.0,995.0,2.0,0.0,True,1204_01
Earth,False,TRAPPIST-1e,28.0,False,0.0,0.0,260.0,1149.0,0.0,False,1205_01
Earth,False,TRAPPIST-1e,9.0,False,0.0,0.0,0.0,0.0,310.71003097450557,False,1207_01
Earth,False,55 Cancri e,1.0,False,0.0,0.0,0.0,303.05244252873564,0.0,True,1207_02
Earth,True,TRAPPIST-1e,1.0,False,0.0,439.4842963318149,0.0,0.0,0.0,True,1207_03
Earth,False,TRAPPIST-1e,58.0,False,0.0,5.0,177.29552524527398,0.0,2.0,False,1207_04
Europa,False,TRAPPIST-1e,59.0,False,0.0,24.0,0.0,1824.0,1742.0,False,1209_01
Europa,False,TRAPPIST-1e,54.0,False,48.0,2650.0,0.0,424.0,1031.0,False,1209_02
Europa,False,55 Cancri e,8.0,False,0.0,0.0,0.0,0.0,0.0,True,1217_01
Europa,True,TRAPPIST-1e,28.0,False,0.0,0.0,0.0,0.0,0.0,True,1217_02
Europa,False,55 Cancri e,19.0,False,0.0,498.0,0.0,10.0,2882.0,False,1219_01
Europa,True,55 Cancri e,23.0,False,0.0,0.0,0.0,0.0,0.0,True,1219_02
Mars,True,TRAPPIST-1e,47.0,False,0.0,0.0,0.0,0.0,0.0,True,1224_01
Mars,False,TRAPPIST-1e,17.0,False,219.26626936829558,583.0,2936.0,0.0,0.0,True,1224_02
Mars,True,TRAPPIST-1e,33.0,False,0.0,0.0,0.0,0.0,0.0,True,1226_01
Mars,True,TRAPPIST-1e,43.0,False,0.0,0.0,0.0,0.0,0.0,True,1226_02
Europa,True,TRAPPIST-1e,28.0,False,0.0,0.0,0.0,0.0,310.71003097450557,True,1227_01
Earth,False,TRAPPIST-1e,32.0,False,0.0,439.4842963318149,777.0,1.0,0.0,True,1237_01
Earth,False,TRAPPIST-1e,13.0,False,539.0,101.0,0.0,0.0,41.0,False,1241_01
Mars,True,TRAPPIST-1e,18.0,False,0.0,0.0,0.0,0.0,0.0,True,1244_01
Earth,True,TRAPPIST-1e,16.0,False,0.0,0.0,0.0,0.0,0.0,True,1245_01
Mars,True,TRAPPIST-1e,6.0,False,0.0,0.0,0.0,0.0,0.0,True,1247_01
Earth,False,TRAPPIST-1e,27.0,False,0.0,610.0,0.0,948.0,0.0,False,1249_01
Mars,True,TRAPPIST-1e,29.0,False,0.0,0.0,0.0,0.0,0.0,True,1251_01
Earth,False,55 Cancri e,32.0,False,0.0,0.0,8.0,1612.0,0.0,False,1252_01
Earth,False,TRAPPIST-1e,23.0,False,72.0,0.0,0.0,910.0,0.0,False,1253_01
Europa,True,TRAPPIST-1e,33.0,False,0.0,0.0,0.0,0.0,0.0,True,1257_01
Europa,True,TRAPPIST-1e,51.0,False,0.0,0.0,0.0,0.0,0.0,True,1257_02
Europa,False,TRAPPIST-1e,41.0,False,0.0,297.0,8292.0,601.0,275.0,True,1257_03
Europa,False,TRAPPIST-1e,20.0,False,0.0,2081.0,0.0,3.0,79.0,True,1257_04
Earth,False,55 Cancri e,0.0,False,0.0,0.0,0.0,0.0,0.0,True,1262_01
Earth,False,55 Cancri e,13.0,False,501.0,287.0,0.0,7.0,2.0,False,1262_02
Earth,True,TRAPPIST-1e,13.0,False,0.0,0.0,0.0,0.0,0.0,True,1265_01
Mars,False,TRAPPIST-1e,13.0,False,1363.0,259.0,75.0,0.0,0.0,False,1266_01
Mars,True,55 Cancri e,24.0,False,0.0,0.0,0.0,0.0,0.0,True,1268_01
Europa,False,55 Cancri e,28.65814620162446,False,0.0,6860.0,1.0,131.0,27.0,True,1270_01
Earth,False,55 Cancri e,32.0,False,1.0,0.0,0.0,636.0,172.0,False,1272_01
Earth,False,TRAPPIST-1e,24.0,False,3.0,53.0,4.0,0.0,656.0,False,1275_01
Mars,False,TRAPPIST-1e,27.0,False,0.0,0.0,0.0,0.0,0.0,False,1276_01
Earth,False,TRAPPIST-1e,24.0,False,673.0,0.0,65.0,303.05244252873564,0.0,False,1277_01
Mars,False,TRAPPIST-1e,34.0,False,987.0,0.0,54.0,200.0,0.0,False,1290_01
Earth,False,PSO J318.5-22,26.0,False,153.0,1.0,0.0,0.0,538.0,False,1296_01
Earth,False,TRAPPIST-1e,22.0,False,0.0,0.0,2438.0,22.0,26.0,True,1297_01
Earth,False,TRAPPIST-1e,10.0,False,0.0,0.0,0.0,0.0,0.0,False,1298_01
Earth,False,TRAPPIST-1e,28.0,False,124.0,328.0,423.0,17.0,36.0,True,1301_01
Earth,True,TRAPPIST-1e,5.0,False,0.0,0.0,0.0,0.0,310.71003097450557,True,1301_02
Earth,True,TRAPPIST-1e,28.65814620162446,False,0.0,0.0,0.0,0.0,0.0,True,1301_03
Earth,False,TRAPPIST-1e,29.0,False,219.26626936829558,0.0,430.0,6.0,0.0,True,1303_01
Earth,False,TRAPPIST-1e,17.0,False,97.0,1882.0,7.0,0.0,32.0,True,1305_01
Earth,False,TRAPPIST-1e,18.0,False,39.0,653.0,92.0,0.0,6.0,True,1313_01
Earth,False,PSO J318.5-22,35.0,False,9.0,0.0,0.0,1446.0,0.0,False,1314_01
Earth,False,TRAPPIST-1e,42.0,False,99.0,806.0,0.0,0.0,2.0,True,1315_01
Mars,True,55 Cancri e,35.0,False,0.0,0.0,0.0,0.0,0.0,True,1318_01
Europa,False,TRAPPIST-1e,42.0,False,13.0,2983.0,0.0,0.0,3311.0,False,1319_01
Europa,False,TRAPPIST-1e,33.0,False,0.0,139.0,1.0,1707.0,341.0,False,1319_02
Earth,True,PSO J318.5-22,20.0,False,0.0,0.0,0.0,0.0,0.0,True,1320_01
Earth,True,TRAPPIST-1e,2.0,False,0.0,0.0,0.0,0.0,0.0,True,1320_02
Earth,True,TRAPPIST-1e,2.0,False,0.0,0.0,0.0,0.0,0.0,True,1320_03
Mars,True,TRAPPIST-1e,43.0,False,0.0,0.0,0.0,0.0,0.0,True,1321_01
Mars,True,TRAPPIST-1e,10.0,False,0.0,0.0,0.0,0.0,0.0,True,1321_02
Mars,False,TRAPPIST-1e,26.0,False,2246.0,0.0,332.0,17.0,8.0,False,1321_03
Mars,False,TRAPPIST-1e,42.0,False,26.0,0.0,842.0,430.0,0.0,False,1321_04
Earth,True,TRAPPIST-1e,24.0,False,0.0,0.0,0.0,0.0,0.0,True,1327_01
Mars,False,TRAPPIST-1e,32.0,False,1006.0,0.0,372.0,126.0,0.0,False,1329_01
Earth,False,TRAPPIST-1e,23.0,False,0.0,38.0,0.0,337.0,448.0,False,1334_01
Europa,True,55 Cancri e,28.65814620162446,False,0.0,0.0,0.0,0.0,0.0,True,1338_01
Europa,True,TRAPPIST-1e,15.0,False,0.0,0.0,0.0,0.0,0.0,True,1338_02
Earth,True,TRAPPIST-1e,15.0,False,0.0,0.0,0.0,0.0,0.0,True,1339_01
Earth,False,TRAPPIST-1e,28.65814620162446,False,0.0,306.0,1.0,602.0,0.0,False,1341_01
Earth,True,TRAPPIST-1e,15.0,False,0.0,0.0,0.0,303.05244252873564,0.0,True,1341_02
Earth,False,55 Cancri e,13.0,False,0.0,474.0,0.0,0.0,0.0,True,1341_03
Europa,False,TRAPPIST-1e,33.0,False,3.0,977.0,0.0,1908.0,7557.0,False,1343_01
Europa,False,TRAPPIST-1e,47.0,False,0.0,4192.0,888.0,901.0,2.0,True,1343_02
Europa,False,55 Cancri e,27.0,False,2201.0,461.0,0.0,251.0,159.0,False,1343_03
Earth,False,PSO J318.5-22,18.0,False,34.0,439.4842963318149,0.0,1.0,611.0,False,1344_01
Earth,False,TRAPPIST-1e,10.0,False,0.0,0.0,0.0,303.05244252873564,0.0,False,1346_01
Earth,True,TRAPPIST-1e,40.0,False,0.0,0.0,0.0,0.0,0.0,True,1349_01
Earth,True,55 Cancri e,28.0,False,0.0,0.0,0.0,0.0,0.0,True,1349_02
Mars,False,55 Cancri e,23.0,False,1242.0,26.0,0.0,19.0,0.0,False,1354_01
Mars,False,TRAPPIST-1e,23.0,False,0.0,0.0,0.0,0.0,0.0,False,1354_02
Mars,True,55 Cancri e,41.0,False,0.0,0.0,0.0,0.0,0.0,True,1354_03
Mars,False,TRAPPIST-1e,20.0,False,89.0,0.0,2620.0,0.0,0.0,True,1354_04
Mars,True,TRAPPIST-1e,29.0,False,0.0,0.0,0.0,0.0,0.0,True,1354_05
Mars,True,TRAPPIST-1e,17.0,False,0.0,0.0,0.0,0.0,0.0,True,1354_06
Mars,False,TRAPPIST-1e,21.0,False,23.0,0.0,1247.0,17.0,1.0,True,1354_07
Mars,True,TRAPPIST-1e,25.0,False,0.0,0.0,0.0,0.0,0.0,True,1358_01
Mars,False,TRAPPIST-1e,25.0,False,807.0,168.0,45.0,0.0,0.0,False,1358_02
Earth,False,TRAPPIST-1e,28.0,False,0.0,171.0,177.29552524527398,0.0,280.0,False,1359_01
Mars,True,TRAPPIST-1e,24.0,False,0.0,0.0,0.0,0.0,0.0,True,1361_01
Mars,False,TRAPPIST-1e,56.0,False,936.0,0.0,363.0,0.0,0.0,False,1361_02
Earth,False,TRAPPIST-1e,36.0,False,63.0,556.0,0.0,192.0,0.0,False,1363_01
Earth,False,PSO J318.5-22,20.0,False,1018.0,0.0,0.0,201.0,11.0,False,1364_01
Earth,False,TRAPPIST-1e,50.0,False,90.0,681.0,10.0,0.0,22.0,False,1364_02
Earth,True,PSO J318.5-22,29.0,False,0.0,0.0,0.0,0.0,0.0,True,1367_01
Earth,False,TRAPPIST-1e,34.0,False,10.0,900.0,0.0,23.0,0.0,True,1369_01
Earth,True,PSO J318.5-22,40.0,False,0.0,0.0,0.0,0.0,0.0,True,1369_02
Earth,False,TRAPPIST-1e,20.0,False,0.0,1822.0,0.0,0.0,6.0,True,1369_03
Earth,True,TRAPPIST-1e,36.0,False,0.0,0.0,0.0,0.0,0.0,True,1372_01
Earth,False,TRAPPIST-1e,25.0,False,2.0,145.0,830.0,14.0,1.0,True,1373_01
Europa,True,55 Cancri e,25.0,True,0.0,0.0,0.0,0.0,0.0,True,1374_01
Earth,True,PSO J318.5-22,17.0,False,0.0,0.0,0.0,0.0,0.0,True,1388_01
Europa,False,TRAPPIST-1e,42.0,False,0.0,2799.0,23.0,151.0,1260.0,True,1392_01
Earth,True,PSO J318.5-22,47.0,False,0.0,0.0,0.0,0.0,0.0,True,1394_01
Earth,False,TRAPPIST-1e,23.0,False,212.0,832.0,363.0,35.0,0.0,True,1396_01
Mars,False,TRAPPIST-1e,28.65814620162446,False,133.0,0.0,1166.0,0.0,0.0,True,1405_01
Mars,False,TRAPPIST-1e,39.0,True,2012.0,38.0,1274.0,0.0,0.0,False,1409_01
Mars,True,TRAPPIST-1e,43.0,False,0.0,0.0,0.0,0.0,0.0,True,1409_02
Earth,False,TRAPPIST-1e,23.0,False,0.0,1589.0,0.0,0.0,50.0,True,1411_01
Earth,False,TRAPPIST-1e,46.0,False,0.0,550.0,346.0,6.0,0.0,True,1418_01
Europa,True,55 Cancri e,31.0,False,0.0,0.0,0.0,0.0,0.0,True,1422_01
Europa,False,TRAPPIST-1e,37.0,False,45.0,17.0,213.0,3183.0,161.0,False,1422_02
Europa,False,55 Cancri e,48.0,False,58.0,105.0,0.0,7536.0,103.0,False,1422_03
Mars,False,TRAPPIST-1e,28.0,False,300.0,0.0,741.0,0.0,0.0,True,1429_01
Mars,False,TRAPPIST-1e,38.0,False,473.0,0.0,871.0,2.0,0.0,True,1432_01
Mars,False,TRAPPIST-1e,31.0,False,2565.0,9.0,4.0,0.0,0.0,False,1432_02
Earth,False,TRAPPIST-1e,35.0,False,18.0,4.0,926.0,0.0,0.0,True,1436_01
Earth,False,PSO J318.5-22,28.0,False,0.0,0.0,0.0,422.0,351.0,False,1437_01
Earth,False,TRAPPIST-1e,29.0,False,34.0,260.0,24.0,485.0,0.0,False,1441_01
Earth,False,TRAPPIST-1e,19.0,False,0.0,174.0,0.0,490.0,10.0,False,1446_01
Earth,False,TRAPPIST-1e,28.65814620162446,False,20.0,571.0,0.0,36.0,0.0,True,1448_01
Mars,False,TRAPPIST-1e,44.0,False,1042.0,0.0,5.0,1.0,0.0,False,1449_01
Earth,False,TRAPPIST-1e,59.0,False,1.0,1.0,0.0,771.0,0.0,False,1456_01
Earth,False,55 Cancri e,23.0,False,183.0,36.0,0.0,0.0,419.0,False,1459_01
Earth,False,PSO J318.5-22,48.0,False,2.0,0.0,0.0,783.0,0.0,False,1464_01
Earth,True,TRAPPIST-1e,49.0,False,0.0,0.0,0.0,0.0,0.0,True,1466_01
Earth,False,TRAPPIST-1e,15.0,False,0.0,628.0,0.0,0.0,0.0,True,1468_01
Mars,False,TRAPPIST-1e,30.0,False,799.0,0.0,98.0,40.0,661.0,False,1469_01
Mars,False,TRAPPIST-1e,20.0,False,679.0,35.0,1090.0,50.0,0.0,True,1469_02
Earth,True,TRAPPIST-1e,20.0,False,0.0,0.0,0.0,0.0,0.0,True,1470_01
Earth,False,TRAPPIST-1e,6.0,False,0.0,0.0,0.0,0.0,0.0,True,1471_01
Earth,True,TRAPPIST-1e,1.0,False,0.0,0.0,0.0,0.0,0.0,True,1471_02
Earth,False,TRAPPIST-1e,1.0,False,0.0,0.0,0.0,0.0,0.0,True,1471_03
Earth,False,TRAPPIST-1e,2.0,False,0.0,0.0,0.0,0.0,0.0,True,1471_04
Earth,True,TRAPPIST-1e,8.0,False,0.0,0.0,0.0,0.0,0.0,True,1471_05
Earth,True,PSO J318.5-22,29.0,False,0.0,0.0,0.0,0.0,0.0,True,1472_01
Earth,False,TRAPPIST-1e,43.0,False,41.0,0.0,0.0,0.0,570.0,False,1473_01
Earth,False,TRAPPIST-1e,73.0,False,5.0,0.0,0.0,568.0,55.0,False,1473_02
Earth,False,TRAPPIST-1e,48.0,False,0.0,2.0,774.0,0.0,95.0,True,1475_01
Earth,False,55 Cancri e,24.0,False,515.0,16.0,0.0,76.0,106.0,False,1476_01
Europa,False,TRAPPIST-1e,20.0,False,987.0,3691.0,0.0,0.0,796.0,False,1477_01
Europa,False,TRAPPIST-1e,17.0,False,1.0,1598.0,0.0,7498.0,0.0,False,1477_02
Earth,True,TRAPPIST-1e,42.0,False,0.0,0.0,0.0,0.0,0.0,True,1480_01
Mars,True,TRAPPIST-1e,22.0,False,0.0,0.0,0.0,0.0,0.0,True,1482_01
Earth,False,PSO J318.5-22,54.0,False,240.0,0.0,629.0,0.0,0.0,True,1483_01
Earth,True,TRAPPIST-1e,41.0,False,0.0,0.0,0.0,0.0,0.0,True,1486_01
Earth,True,PSO J318.5-22,0.0,False,0.0,0.0,0.0,0.0,0.0,True,1487_01
Earth,False,TRAPPIST-1e,20.0,False,0.0,619.0,165.0,0.0,0.0,True,1487_02
Europa,False,55 Cancri e,54.0,False,1.0,695.0,177.29552524527398,522.0,7382.0,False,1492_01
Europa,False,55 Cancri e,73.0,False,22.0,30.0,0.0,1616.0,103.0,False,1492_02
Earth,False,55 Cancri e,17.0,False,583.0,1.0,0.0,0.0,6.0,False,1494_01
Earth,False,TRAPPIST-1e,21.0,False,0.0,0.0,18.0,758.0,0.0,False,1495_01
Earth,True,55 Cancri e,60.0,False,0.0,0.0,0.0,0.0,0.0,True,1495_02
Earth,True,TRAPPIST-1e,50.0,False,0.0,0.0,0.0,0.0,0.0,True,1496_01
Mars,True,TRAPPIST-1e,17.0,False,0.0,0.0,0.0,0.0,0.0,True,1497_01
Mars,True,TRAPPIST-1e,18.0,False,0.0,0.0,0.0,0.0,0.0,True,1497_02
Earth,False,55 Cancri e,25.0,False,0.0,170.0,1.0,601.0,7470.0,False,1502_01
Europa,False,55 Cancri e,57.0,True,1.0,3637.0,0.0,3.0,310.71003097450557,True,1502_02
Europa,True,55 Cancri e,46.0,False,0.0,0.0,0.0,0.0,0.0,True,1502_03
Europa,True,TRAPPIST-1e,71.0,False,0.0,0.0,0.0,0.0,0.0,True,1502_04
Earth,False,TRAPPIST-1e,21.0,False,3.0,5.0,3.0,699.0,0.0,False,1504_01
Mars,False,TRAPPIST-1e,38.0,False,316.0,0.0,36.0,920.0,0.0,False,1505_01
Earth,False,TRAPPIST-1e,23.0,False,8.0,0.0,0.0,671.0,12.0,False,1508_01
Mars,False,TRAPPIST-1e,24.0,False,16.0,15.0,1277.0,452.0,0.0,False,1512_01
Earth,True,PSO J318.5-22,25.0,False,0.0,0.0,0.0,0.0,0.0,True,1513_01
Earth,True,PSO J318.5-22,35.0,False,0.0,0.0,0.0,0.0,0.0,True,1514_01
Earth,False,PSO J318.5-22,21.0,False,0.0,40.0,610.0,7.0,47.0,True,1516_01
Earth,False,TRAPPIST-1e,22.0,False,628.0,212.0,0.0,0.0,63.0,False,1517_01
Europa,False,55 Cancri e,60.0,False,0.0,63.0,0.0,0.0,5824.0,False,1518_01
Europa,False,TRAPPIST-1e,29.0,False,0.0,3577.0,216.0,723.0,2188.0,True,1518_02
Earth,False,TRAPPIST-1e,49.0,False,674.0,22.0,301.0,0.0,0.0,False,1519_01
Mars,True,TRAPPIST-1e,27.0,False,219.26626936829558,0.0,0.0,0.0,0.0,True,1522_01
Earth,False,TRAPPIST-1e,23.0,False,1.0,0.0,2521.0,0.0,59.0,True,1530_01
Mars,False,TRAPPIST-1e,23.0,False,1556.0,0.0,31.0,0.0,0.0,False,1534_01
Mars,False,TRAPPIST-1e,33.0,False,3303.0,0.0,40.0,1.0,0.0,False,1534_02
Earth,False,PSO J318.5-22,35.0,False,0.0,422.0,0.0,0.0,2735.0,False,1535_01
Europa,False,TRAPPIST-1e,27.0,False,0.0,5113.0,0.0,0.0,7.0,True,1537_01
Mars,False,TRAPPIST-1e,44.0,False,1692.0,0.0,52.0,0.0,7.0,False,1538_01
Mars,False,55 Cancri e,18.0,False,1106.0,0.0,74.0,0.0,0.0,False,1538_02
Earth,True,55 Cancri e,31.0,False,0.0,0.0,0.0,0.0,0.0,True,1546_01
Earth,False,TRAPPIST-1e,21.0,False,86.0,2209.0,994.0,535.0,142.0,True,1549_01
Mars,True,TRAPPIST-1e,27.0,False,0.0,0.0,0.0,0.0,0.0,True,1553_01
Earth,False,TRAPPIST-1e,36.0,False,1093.0,0.0,1566.0,0.0,0.0,False,1553_02
Earth,True,PSO J318.5-22,33.0,False,0.0,0.0,0.0,0.0,0.0,True,1554_01
Earth,False,TRAPPIST-1e,30.0,False,0.0,0.0,704.0,0.0,0.0,True,1554_02
Earth,True,TRAPPIST-1e,29.0,False,0.0,439.4842963318149,0.0,0.0,0.0,False,1556_01
Europa,False,55 Cancri e,32.0,False,0.0,10711.0,0.0,189.0,20.0,True,1557_01
Europa,True,55 Cancri e,31.0,False,0.0,0.0,0.0,0.0,0.0,True,1559_01
Europa,True,TRAPPIST-1e,27.0,False,0.0,0.0,0.0,0.0,0.0,True,1559_02
Europa,True,55 Cancri e,25.0,False,0.0,0.0,0.0,0.0,0.0,True,1563_01
Europa,True,55 Cancri e,38.0,False,0.0,0.0,0.0,0.0,0.0,True,1566_01
Earth,False,TRAPPIST-1e,47.0,False,0.0,0.0,0.0,672.0,89.0,False,1570_01
Earth,False,TRAPPIST-1e,24.0,False,224.0,0.0,585.0,0.0,0.0,True,1571_01
Earth,True,TRAPPIST-1e,46.0,False,0.0,0.0,0.0,0.0,0.0,True,1574_01
Earth,True,TRAPPIST-1e,16.0,False,0.0,0.0,0.0,0.0,0.0,True,1575_01
Earth,False,TRAPPIST-1e,30.0,False,0.0,691.0,378.0,17.0,0.0,True,1582_01
Earth,False,TRAPPIST-1e,0.0,False,0.0,0.0,0.0,303.05244252873564,0.0,False,1582_02
Mars,True,TRAPPIST-1e,60.0,False,0.0,0.0,0.0,303.05244252873564,0.0,True,1583_01
Europa,False,TRAPPIST-1e,50.0,False,6.0,864.0,0.0,12.0,3877.0,False,1586_01
Earth,True,PSO J318.5-22,37.0,False,0.0,0.0,0.0,0.0,0.0,True,1587_01
Earth,True,55 Cancri e,27.0,False,0.0,0.0,0.0,303.05244252873564,0.0,True,1587_02
Mars,False,TRAPPIST-1e,29.0,False,633.0,0.0,584.0,0.0,0.0,False,1589_01
Europa,False,TRAPPIST-1e,28.65814620162446,False,172.0,1.0,0.0,8999.0,20.0,False,1591_01
Europa,False,TRAPPIST-1e,22.0,False,0.0,6158.0,0.0,122.0,578.0,True,1591_02
Mars,False,TRAPPIST-1e,28.65814620162446,False,201.0,1276.0,1121.0,0.0,0.0,True,1598_01
Mars,False,TRAPPIST-1e,28.65814620162446,False,1507.0,0.0,8017.0,0.0,0.0,False,1598_02
Earth,False,TRAPPIST-1e,14.0,False,98.0,0.0,0.0,251.0,442.0,False,1600_01
Earth,False,TRAPPIST-1e,28.65814620162446,False,0.0,0.0,406.0,298.0,12.0,False,1605_01
Earth,True,PSO J318.5-22,20.0,False,0.0,0.0,0.0,0.0,0.0,True,1607_01
Mars,False,TRAPPIST-1e,19.0,False,1022.0,0.0,0.0,0.0,0.0,False,1609_01
Mars,False,55 Cancri e,14.0,False,110.0,0.0,2768.0,68.0,135.0,True,1610_01
Earth,True,TRAPPIST-1e,69.0,False,0.0,0.0,0.0,0.0,0.0,True,1616_01
Europa,False,TRAPPIST-1e,26.0,False,0.0,0.0,0.0,886.0,14268.0,False,1618_01
Europa,False,55 Cancri e,25.0,False,0.0,1105.0,0.0,1632.0,8003.0,False,1620_01
Mars,False,TRAPPIST-1e,36.0,False,17.0,0.0,571.0,3.0,591.0,False,1623_01
Earth,True,TRAPPIST-1e,34.0,False,0.0,0.0,0.0,0.0,0.0,True,1627_01
Europa,False,TRAPPIST-1e,4.0,False,0.0,0.0,0.0,0.0,0.0,True,1629_01
Europa,False,TRAPPIST-1e,1.0,False,0.0,0.0,0.0,0.0,0.0,True,1629_02
Europa,True,TRAPPIST-1e,24.0,False,0.0,0.0,0.0,0.0,0.0,True,1629_03
Europa,False,TRAPPIST-1e,21.0,False,0.0,0.0,0.0,0.0,0.0,True,1629_04
Europa,True,TRAPPIST-1e,25.0,False,0.0,439.4842963318149,0.0,0.0,0.0,True,1629_05
Europa,True,55 Cancri e,44.0,False,0.0,0.0,0.0,0.0,0.0,True,1629_06
Earth,False,TRAPPIST-1e,22.0,False,0.0,6.0,21.0,1038.0,692.0,False,1639_01
Mars,True,TRAPPIST-1e,64.0,False,0.0,0.0,0.0,0.0,0.0,True,1641_01
Europa,False,TRAPPIST-1e,32.0,False,6.0,2902.0,0.0,2818.0,108.0,False,1642_01
Earth,False,TRAPPIST-1e,42.0,False,0.0,0.0,476.0,402.0,6.0,False,1643_01
Europa,True,TRAPPIST-1e,29.0,False,0.0,0.0,0.0,0.0,0.0,True,1648_01
Earth,True,PSO J318.5-22,4.0,False,0.0,0.0,0.0,0.0,0.0,True,1652_01
Earth,False,TRAPPIST-1e,17.0,False,980.0,0.0,7.0,0.0,0.0,False,1654_01
Earth,False,TRAPPIST-1e,21.0,False,0.0,0.0,738.0,86.0,40.0,True,1664_01
Europa,True,TRAPPIST-1e,52.0,False,0.0,0.0,0.0,0.0,0.0,True,1665_01
Europa,True,TRAPPIST-1e,29.0,False,0.0,0.0,0.0,0.0,310.71003097450557,True,1665_02
Earth,False,TRAPPIST-1e,35.0,False,367.0,54.0,0.0,479.0,0.0,False,1667_01
Mars,True,55 Cancri e,23.0,False,0.0,0.0,0.0,0.0,0.0,True,1675_01
Earth,False,TRAPPIST-1e,27.0,False,10.0,4.0,12.0,2.0,1124.0,False,1678_01
Earth,True,TRAPPIST-1e,8.0,False,0.0,0.0,0.0,0.0,0.0,True,1679_01
Europa,False,TRAPPIST-1e,20.0,False,0.0,54.0,3.0,4976.0,2732.0,False,1680_01
Europa,True,55 Cancri e,16.0,False,0.0,0.0,0.0,0.0,0.0,True,1680_02
Earth,False,TRAPPIST-1e,35.0,False,0.0,216.0,9.0,40.0,721.0,False,1683_01
Mars,False,TRAPPIST-1e,44.0,False,684.0,0.0,605.0,0.0,0.0,False,1684_01
Earth,False,TRAPPIST-1e,19.0,False,0.0,6.0,1217.0,913.0,3.0,False,1686_01
Europa,True,TRAPPIST-1e,2.0,False,0.0,0.0,0.0,0.0,0.0,True,1689_01
Europa,False,TRAPPIST-1e,30.0,False,0.0,3085.0,13.0,212.0,297.0,True,1689_02
Europa,False,TRAPPIST-1e,28.0,False,0.0,6285.0,0.0,1301.0,108.0,True,1689_03
Earth,True,TRAPPIST-1e,44.0,False,0.0,0.0,0.0,0.0,0.0,True,1692_01
Earth,False,TRAPPIST-1e,20.0,False,2.0,673.0,177.29552524527398,0.0,41.0,True,1693_01
Earth,True,TRAPPIST-1e,22.0,False,0.0,0.0,0.0,0.0,0.0,True,1701_01
Earth,False,TRAPPIST-1e,14.0,False,0.0,1141.0,0.0,0.0,7.0,True,1702_01
Earth,False,TRAPPIST-1e,20.0,False,0.0,671.0,56.0,0.0,0.0,True,1703_01
Earth,False,TRAPPIST-1e,45.0,False,0.0,92.0,202.0,271.0,362.0,False,1706_01
Earth,False,55 Cancri e,19.0,False,0.0,0.0,0.0,394.0,327.0,False,1707_01
Mars,False,TRAPPIST-1e,42.0,False,247.0,0.0,27.0,707.0,32.0,False,1716_01
Earth,False,TRAPPIST-1e,23.0,False,690.0,4.0,10.0,0.0,0.0,False,1720_01
Earth,False,TRAPPIST-1e,43.0,False,0.0,22.0,0.0,6.0,879.0,False,1722_01
Mars,False,TRAPPIST-1e,20.0,False,532.0,0.0,747.0,10.0,0.0,True,1726_01
Mars,True,TRAPPIST-1e,11.0,False,0.0,0.0,0.0,0.0,0.0,True,1726_02
Mars,False,TRAPPIST-1e,20.0,False,477.0,812.0,0.0,0.0,0.0,False,1726_03
Earth,True,TRAPPIST-1e,21.0,False,0.0,0.0,0.0,0.0,0.0,True,1732_01
Earth,False,TRAPPIST-1e,17.0,False,1296.0,613.0,23.0,72.0,0.0,False,1735_01
Earth,False,TRAPPIST-1e,32.0,False,115.0,0.0,0.0,386.0,308.0,False,1737_01
Earth,False,TRAPPIST-1e,24.0,False,0.0,69.0,709.0,0.0,31.0,True,1741_01
Earth,True,TRAPPIST-1e,4.0,False,0.0,0.0,0.0,0.0,0.0,True,1741_02
Earth,False,TRAPPIST-1e,4.0,False,0.0,0.0,0.0,0.0,0.0,True,1741_03
Earth,False,PSO J318.5-22,36.0,False,0.0,0.0,148.0,1220.0,2.0,False,1743_01
Mars,False,TRAPPIST-1e,27.0,False,157.0,0.0,2345.0,822.0,0.0,False,1744_01
Earth,True,TRAPPIST-1e,46.0,False,0.0,0.0,0.0,0.0,0.0,True,1750_01
Mars,True,55 Cancri e,24.0,False,0.0,0.0,0.0,0.0,0.0,True,1751_01
Mars,False,TRAPPIST-1e,3.0,False,0.0,0.0,0.0,0.0,0.0,True,1751_02
Earth,False,55 Cancri e,21.0,False,41.0,592.0,0.0,0.0,5.0,False,1754_01
Earth,False,TRAPPIST-1e,42.0,False,101.0,137.0,574.0,0.0,183.0,True,1756_01
Mars,True,TRAPPIST-1e,26.0,False,0.0,0.0,0.0,0.0,0.0,True,1759_01
Earth,True,TRAPPIST-1e,38.0,False,0.0,0.0,0.0,0.0,0.0,True,1765_01
Earth,False,55 Cancri e,36.0,False,2.0,0.0,177.29552524527398,606.0,140.0,False,1773_01
Europa,False,55 Cancri e,28.0,False,0.0,75.0,0.0,4764.0,11.0,False,1777_01
Europa,True,TRAPPIST-1e,62.0,False,0.0,0.0,0.0,0.0,0.0,True,1777_02
Earth,False,TRAPPIST-1e,22.0,False,9.0,8.0,796.0,5.0,181.0,True,1780_01
Earth,False,TRAPPIST-1e,18.0,False,234.0,0.0,298.0,317.0,0.0,False,1784_01
Earth,False,TRAPPIST-1e,12.0,False,0.0,0.0,0.0,0.0,0.0,False,1787_01
Earth,False,TRAPPIST-1e,32.0,False,0.0,71.0,177.29552524527398,338.0,0.0,False,1788_01
Earth,False,TRAPPIST-1e,11.0,False,0.0,0.0,0.0,0.0,0.0,False,1789_01
Earth,True,TRAPPIST-1e,47.0,False,0.0,0.0,0.0,0.0,0.0,True,1790_01
Earth,True,TRAPPIST-1e,48.0,False,0.0,0.0,0.0,0.0,0.0,True,1790_02
Mars,True,55 Cancri e,38.0,False,0.0,0.0,177.29552524527398,0.0,0.0,True,1791_01
Mars,True,TRAPPIST-1e,19.0,False,0.0,0.0,0.0,0.0,0.0,True,1791_02
Mars,False,TRAPPIST-1e,22.0,False,379.0,87.0,453.0,22.0,1141.0,False,1793_01
Mars,False,TRAPPIST-1e,21.0,False,1282.0,0.0,6061.0,5.0,0.0,False,1793_02
Earth,False,55 Cancri e,37.0,False,0.0,2.0,0.0,610.0,0.0,False,1794_01
Earth,False,55 Cancri e,28.0,False,1402.0,220.0,0.0,0.0,0.0,False,1795_01
Earth,False,TRAPPIST-1e,15.0,False,18.0,1980.0,0.0,218.0,0.0,True,1801_01
Earth,False,TRAPPIST-1e,57.0,False,643.0,0.0,0.0,17.0,289.0,False,1801_02
Earth,True,TRAPPIST-1e,22.0,False,0.0,0.0,0.0,0.0,0.0,True,1809_01
Earth,False,55 Cancri e,22.0,False,515.0,0.0,0.0,93.0,6.0,False,1814_01
Earth,True,PSO J318.5-22,29.0,False,0.0,439.4842963318149,0.0,0.0,0.0,True,1814_02
Earth,False,TRAPPIST-1e,0.0,False,0.0,0.0,0.0,0.0,0.0,True,1814_03
Mars,True,TRAPPIST-1e,44.0,False,0.0,0.0,0.0,0.0,0.0,True,1815_01
Earth,False,TRAPPIST-1e,22.0,False,623.0,24.0,0.0,120.0,1662.0,False,1819_01
Mars,True,TRAPPIST-1e,25.0,False,0.0,0.0,0.0,0.0,0.0,True,1820_01
Earth,False,TRAPPIST-1e,64.0,False,0.0,467.0,0.0,351.0,0.0,False,1824_01
Earth,False,TRAPPIST-1e,21.0,False,33.0,319.0,297.0,0.0,0.0,True,1825_01
Earth,False,TRAPPIST-1e,35.0,False,246.0,207.0,338.0,0.0,0.0,False,1825_02
Earth,True,PSO J318.5-22,15.0,False,0.0,0.0,0.0,0.0,0.0,True,1830_01
Earth,False,TRAPPIST-1e,48.0,False,0.0,0.0,0.0,1384.0,656.0,False,1832_01
Europa,True,TRAPPIST-1e,22.0,False,0.0,0.0,0.0,0.0,0.0,True,1835_01
Europa,True,TRAPPIST-1e,42.0,False,0.0,0.0,0.0,0.0,0.0,True,1835_02
Europa,True,55 Cancri e,13.0,False,0.0,0.0,0.0,0.0,0.0,True,1837_01
Mars,True,TRAPPIST-1e,35.0,False,0.0,0.0,0.0,0.0,0.0,True,1838_01
Mars,False,TRAPPIST-1e,27.0,False,1182.0,0.0,42.0,0.0,0.0,False,1839_01
Earth,True,55 Cancri e,21.0,False,0.0,0.0,0.0,0.0,0.0,True,1840_01
Mars,False,TRAPPIST-1e,22.0,False,603.0,0.0,200.0,0.0,0.0,False,1842_01
Europa,False,TRAPPIST-1e,33.0,False,0.0,11.0,689.0,355.0,6083.0,False,1845_01
Europa,False,55 Cancri e,25.0,False,582.0,1080.0,0.0,14.0,5550.0,False,1851_01
Europa,True,TRAPPIST-1e,37.0,False,0.0,0.0,0.0,0.0,0.0,True,1851_02
Europa,True,55 Cancri e,36.0,False,0.0,0.0,0.0,0.0,0.0,True,1852_01
Europa,False,55 Cancri e,47.0,False,0.0,1696.0,0.0,303.05244252873564,1.0,True,1852_02
Europa,True,TRAPPIST-1e,34.0,False,0.0,0.0,0.0,0.0,0.0,True,1852_03
Europa,True,55 Cancri e,29.0,False,0.0,0.0,0.0,0.0,0.0,True,1852_04
Europa,False,55 Cancri e,39.0,False,0.0,4205.0,0.0,167.0,0.0,True,1858_01
Earth,False,55 Cancri e,27.0,False,1156.0,0.0,0.0,0.0,136.0,False,1862_01
Earth,False,55 Cancri e,35.0,False,557.0,0.0,0.0,393.0,0.0,False,1862_02
Earth,False,TRAPPIST-1e,0.0,False,0.0,0.0,0.0,0.0,0.0,True,1862_03
Europa,True,55 Cancri e,33.0,False,0.0,0.0,0.0,0.0,0.0,True,1867_01
Mars,False,TRAPPIST-1e,24.0,False,1286.0,2.0,1.0,0.0,0.0,False,1869_01
Mars,False,TRAPPIST-1e,19.0,False,908.0,0.0,845.0,0.0,0.0,False,1870_01
Mars,False,TRAPPIST-1e,33.0,False,128.0,0.0,574.0,0.0,260.0,False,1875_01
Earth,False,TRAPPIST-1e,19.0,False,0.0,0.0,262.0,29.0,448.0,False,1876_01
Mars,True,TRAPPIST-1e,16.0,False,0.0,0.0,0.0,0.0,0.0,True,1883_01
Earth,False,TRAPPIST-1e,47.0,False,0.0,439.4842963318149,376.0,3.0,7.0,True,1885_01
Mars,True,TRAPPIST-1e,40.0,False,0.0,0.0,0.0,0.0,0.0,True,1893_01
Mars,True,TRAPPIST-1e,19.0,False,0.0,0.0,0.0,0.0,0.0,True,1894_01
Mars,False,TRAPPIST-1e,27.0,False,39.0,0.0,378.0,240.0,652.0,False,1895_01
Europa,False,TRAPPIST-1e,31.0,False,0.0,891.0,0.0,3748.0,12.0,False,1896_01
Earth,False,TRAPPIST-1e,24.0,False,0.0,106.0,1126.0,0.0,60.0,True,1900_01
Europa,False,55 Cancri e,31.0,False,19.0,607.0,0.0,303.05244252873564,2756.0,False,1904_01
Europa,True,PSO J318.5-22,41.0,False,0.0,0.0,0.0,0.0,0.0,True,1909_01
Europa,True,TRAPPIST-1e,16.0,False,0.0,0.0,0.0,0.0,0.0,True,1909_02
Europa,False,TRAPPIST-1e,27.0,False,0.0,2588.0,0.0,22.0,2149.0,False,1909_03
Mars,False,TRAPPIST-1e,11.0,False,0.0,0.0,0.0,0.0,0.0,True,1910_01
Mars,False,55 Cancri e,28.0,False,3529.0,0.0,65.0,3.0,59.0,False,1910_02
Mars,False,TRAPPIST-1e,51.0,False,311.0,0.0,338.0,741.0,0.0,False,1910_03
Mars,False,TRAPPIST-1e,1.0,False,0.0,0.0,0.0,303.05244252873564,0.0,True,1910_04
Earth,False,TRAPPIST-1e,56.0,False,0.0,35.0,4661.0,1641.0,0.0,False,1912_01
Mars,False,TRAPPIST-1e,28.65814620162446,False,261.0,0.0,2338.0,0.0,0.0,True,1913_01
Mars,True,TRAPPIST-1e,57.0,False,0.0,0.0,0.0,0.0,0.0,True,1913_02
Mars,True,TRAPPIST-1e,13.0,False,0.0,0.0,0.0,0.0,0.0,True,1913_03
Earth,True,PSO J318.5-22,32.0,False,0.0,0.0,0.0,303.05244252873564,0.0,True,1914_01
Earth,False,PSO J318.5-22,28.0,False,0.0,547.0,0.0,10.0,0.0,True,1917_01
Earth,False,TRAPPIST-1e,12.0,False,0.0,0.0,0.0,0.0,0.0,False,1919_01
Mars,False,PSO J318.5-22,35.0,False,809.0,0.0,830.0,0.0,0.0,False,1921_01
Mars,False,TRAPPIST-1e,33.0,True,1651.0,0.0,14.0,245.0,0.0,False,1921_02
Earth,True,PSO J318.5-22,14.0,False,0.0,0.0,0.0,0.0,0.0,True,1924_01
Earth,False,TRAPPIST-1e,26.0,False,407.0,191.0,53.0,0.0,133.0,False,1929_01
Earth,False,55 Cancri e,25.0,False,599.0,0.0,1.0,0.0,0.0,False,1930_01
Earth,False,TRAPPIST-1e,27.0,False,0.0,0.0,0.0,145.0,1961.0,False,1932_01
Earth,False,TRAPPIST-1e,23.0,False,2.0,439.4842963318149,689.0,827.0,0.0,False,1934_01
Mars,False,TRAPPIST-1e,45.0,False,1285.0,4.0,7.0,1.0,0.0,False,1936_01
Earth,False,55 Cancri e,50.0,False,21.0,1.0,0.0,185.0,530.0,False,1943_01
Earth,False,TRAPPIST-1e,24.0,False,0.0,0.0,666.0,221.0,1.0,True,1944_01
Europa,False,TRAPPIST-1e,54.0,False,0.0,225.0,129.0,303.05244252873564,12226.0,False,1948_01
Europa,True,55 Cancri e,19.0,False,0.0,0.0,0.0,0.0,0.0,True,1948_02
Earth,False,TRAPPIST-1e,19.0,False,0.0,0.0,317.0,632.0,0.0,False,1949_01
Europa,True,55 Cancri e,28.0,False,0.0,0.0,0.0,0.0,0.0,True,1951_01
Europa,False,55 Cancri e,28.0,False,1.0,1656.0,140.0,4160.0,430.0,False,1951_02
Mars,False,55 Cancri e,39.0,False,27.0,0.0,81.0,974.0,0.0,False,1954_01
Earth,False,TRAPPIST-1e,20.0,False,9.0,52.0,1.0,638.0,105.0,False,1955_01
Earth,False,TRAPPIST-1e,30.0,False,1624.0,0.0,0.0,600.0,105.0,False,1958_01
Earth,True,TRAPPIST-1e,35.0,False,0.0,0.0,0.0,0.0,0.0,True,1965_01
Europa,False,55 Cancri e,36.0,False,0.0,1427.0,0.0,1311.0,84.0,False,1966_01
Earth,False,TRAPPIST-1e,33.0,False,1844.0,213.0,131.0,439.0,0.0,False,1970_01
Mars,False,TRAPPIST-1e,30.0,False,143.0,0.0,906.0,0.0,0.0,True,1972_01
Earth,False,TRAPPIST-1e,25.0,False,102.0,0.0,257.0,1260.0,0.0,False,1982_01
Mars,True,TRAPPIST-1e,45.0,False,0.0,0.0,0.0,0.0,0.0,True,1986_01
Earth,False,TRAPPIST-1e,23.0,False,0.0,901.0,7.0,0.0,0.0,True,1987_01
Earth,True,55 Cancri e,51.0,False,0.0,0.0,0.0,0.0,0.0,True,1989_01
Mars,True,TRAPPIST-1e,31.0,False,0.0,0.0,0.0,0.0,0.0,True,1990_01
Mars,True,55 Cancri e,55.0,False,0.0,0.0,0.0,0.0,0.0,True,1990_02
Earth,False,PSO J318.5-22,24.0,False,85.0,225.0,11.0,53.0,835.0,False,1998_01
Mars,True,TRAPPIST-1e,57.0,False,0.0,0.0,0.0,0.0,0.0,True,2002_01
Mars,True,TRAPPIST-1e,24.0,False,0.0,0.0,0.0,0.0,0.0,True,2004_01
Earth,False,TRAPPIST-1e,44.0,False,40.0,117.0,0.0,214.0,387.0,False,2005_01
Earth,False,TRAPPIST-1e,0.0,False,0.0,0.0,0.0,0.0,0.0,True,2005_02
Earth,False,TRAPPIST-1e,15.0,False,262.0,0.0,0.0,391.0,151.0,False,2008_01
Europa,True,TRAPPIST-1e,49.0,False,0.0,0.0,0.0,0.0,0.0,True,2014_01
Mars,True,TRAPPIST-1e,24.0,False,0.0,0.0,0.0,0.0,0.0,True,2016_01
Mars,False,TRAPPIST-1e,47.0,False,878.0,824.0,1.0,389.0,0.0,False,2016_02
Mars,False,TRAPPIST-1e,26.0,False,0.0,0.0,0.0,0.0,0.0,False,2017_01
Mars,False,TRAPPIST-1e,28.65814620162446,False,664.0,126.0,40.0,11.0,1068.0,False,2017_02
Earth,True,TRAPPIST-1e,4.0,False,0.0,0.0,0.0,0.0,0.0,True,2018_01
Europa,False,TRAPPIST-1e,30.0,False,0.0,2052.0,4.0,465.0,117.0,True,2020_01
Earth,True,TRAPPIST-1e,23.0,False,0.0,0.0,0.0,0.0,0.0,True,2021_01
Earth,False,TRAPPIST-1e,23.0,False,0.0,0.0,634.0,0.0,87.0,True,2023_01
Earth,True,TRAPPIST-1e,4.0,False,0.0,0.0,0.0,0.0,0.0,True,2023_02
Earth,True,TRAPPIST-1e,3.0,False,0.0,0.0,0.0,0.0,0.0,True,2023_03
Europa,False,55 Cancri e,42.0,True,0.0,305.0,0.0,327.0,7046.0,False,2025_01
Earth,False,TRAPPIST-1e,22.0,False,286.0,1217.0,0.0,0.0,10.0,False,2030_01
Earth,False,TRAPPIST-1e,21.0,False,208.0,78.0,0.0,0.0,424.0,False,2031_01
Earth,False,55 Cancri e,28.0,False,637.0,11.0,1.0,0.0,52.0,False,2033_01
Mars,False,TRAPPIST-1e,35.0,False,904.0,688.0,112.0,994.0,0.0,False,2035_01
Mars,True,TRAPPIST-1e,20.0,False,0.0,0.0,0.0,0.0,0.0,True,2035_02
Earth,True,PSO J318.5-22,22.0,False,0.0,0.0,0.0,0.0,0.0,True,2036_01
Earth,False,TRAPPIST-1e,30.0,False,0.0,439.4842963318149,724.0,0.0,0.0,True,2036_02
Earth,False,TRAPPIST-1e,0.0,False,0.0,0.0,0.0,0.0,0.0,True,2036_03
Europa,True,TRAPPIST-1e,22.0,False,0.0,0.0,0.0,0.0,0.0,True,2037_01
Europa,False,TRAPPIST-1e,15.0,False,0.0,411.0,0.0,1757.0,4411.0,False,2037_02
Mars,False,TRAPPIST-1e,4.0,False,0.0,0.0,0.0,0.0,0.0,True,2039_01
Mars,True,TRAPPIST-1e,19.0,False,0.0,0.0,0.0,0.0,0.0,True,2039_02
Mars,True,TRAPPIST-1e,29.0,False,0.0,0.0,0.0,0.0,0.0,True,2039_03
Earth,True,TRAPPIST-1e,17.0,False,0.0,0.0,0.0,0.0,0.0,True,2047_01
Earth,False,55 Cancri e,21.0,False,0.0,722.0,0.0,0.0,0.0,True,2048_01
Earth,True,PSO J318.5-22,20.0,False,0.0,0.0,0.0,0.0,0.0,True,2049_01
Earth,False,TRAPPIST-1e,24.0,False,130.0,5.0,0.0,283.0,302.0,False,2050_01
Earth,True,PSO J318.5-22,6.0,False,0.0,439.4842963318149,0.0,0.0,0.0,True,2057_01
Earth,False,PSO J318.5-22,9.0,False,0.0,0.0,0.0,0.0,0.0,True,2057_02
Earth,False,TRAPPIST-1e,21.0,False,308.0,367.0,1.0,0.0,108.0,False,2057_03
Earth,True,TRAPPIST-1e,46.0,False,0.0,0.0,0.0,0.0,0.0,True,2057_04
Earth,False,TRAPPIST-1e,20.0,False,0.0,0.0,715.0,7.0,1.0,True,2057_05
Mars,False,55 Cancri e,27.0,False,1226.0,194.0,92.0,18.0,0.0,False,2058_01
Mars,True,TRAPPIST-1e,23.0,False,0.0,0.0,0.0,0.0,0.0,True,2064_01
Europa,True,TRAPPIST-1e,28.0,False,0.0,0.0,0.0,0.0,0.0,True,2068_01
Europa,False,55 Cancri e,53.0,False,0.0,4829.0,0.0,7.0,350.0,True,2068_02
Europa,False,TRAPPIST-1e,41.0,False,1.0,2852.0,0.0,67.0,59.0,True,2068_03
Europa,False,55 Cancri e,32.0,False,0.0,5950.0,462.0,4257.0,71.0,False,2068_04
Europa,False,TRAPPIST-1e,27.0,False,0.0,5931.0,0.0,110.0,1125.0,True,2068_05
Earth,False,TRAPPIST-1e,31.0,False,767.0,0.0,8.0,3.0,0.0,False,2069_01
Earth,False,TRAPPIST-1e,20.0,False,219.26626936829558,0.0,0.0,449.0,86.0,False,2072_01
Earth,False,TRAPPIST-1e,19.0,False,0.0,0.0,82.0,590.0,0.0,False,2072_02
Mars,True,TRAPPIST-1e,55.0,False,0.0,0.0,0.0,0.0,0.0,True,2076_01
Earth,False,TRAPPIST-1e,35.0,False,219.26626936829558,0.0,43.0,1.0,880.0,False,2077_01
Mars,True,TRAPPIST-1e,70.0,False,0.0,0.0,0.0,0.0,0.0,True,2078_01
Earth,False,55 Cancri e,22.0,False,240.0,1974.0,0.0,0.0,152.0,False,2079_01
Earth,False,TRAPPIST-1e,46.0,False,258.0,57.0,0.0,0.0,654.0,False,2079_02
Earth,False,TRAPPIST-1e,16.0,False,32.0,9.0,0.0,0.0,1408.0,False,2079_03
Earth,False,TRAPPIST-1e,14.0,False,425.0,0.0,295.0,0.0,50.0,False,2093_01
Earth,False,TRAPPIST-1e,13.0,False,51.0,0.0,0.0,303.05244252873564,0.0,False,2098_01
Earth,True,55 Cancri e,44.0,False,0.0,0.0,0.0,0.0,0.0,True,2101_01
Earth,False,TRAPPIST-1e,15.0,False,0.0,939.0,10.0,0.0,0.0,True,2101_02
Earth,False,TRAPPIST-1e,32.0,False,0.0,126.0,692.0,0.0,1055.0,False,2103_01
Europa,False,55 Cancri e,26.0,False,399.0,5722.0,0.0,39.0,3155.0,False,2108_01
Europa,False,TRAPPIST-1e,42.0,False,0.0,1311.0,0.0,63.0,954.0,False,2108_02
Earth,True,TRAPPIST-1e,44.0,False,0.0,0.0,0.0,0.0,0.0,True,2109_01
Earth,True,TRAPPIST-1e,15.0,False,0.0,0.0,0.0,0.0,0.0,True,2113_01
Earth,False,TRAPPIST-1e,35.0,False,344.0,530.0,0.0,1.0,9.0,False,2119_01
Earth,True,TRAPPIST-1e,35.0,False,0.0,0.0,0.0,0.0,0.0,True,2119_02
Earth,False,PSO J318.5-22,24.0,False,0.0,618.0,177.29552524527398,303.05244252873564,0.0,False,2122_01
Earth,True,PSO J318.5-22,19.0,False,0.0,0.0,0.0,0.0,0.0,True,2132_01
Europa,False,TRAPPIST-1e,37.0,False,210.0,4618.0,0.0,17.0,492.0,True,2146_01
Europa,True,55 Cancri e,31.0,False,0.0,0.0,0.0,0.0,0.0,True,2146_02
Earth,True,TRAPPIST-1e,39.0,False,0.0,0.0,0.0,0.0,0.0,True,2151_01
Earth,False,TRAPPIST-1e,35.0,False,0.0,445.0,451.0,3.0,0.0,True,2155_01
Earth,False,TRAPPIST-1e,26.0,False,0.0,0.0,0.0,0.0,872.0,False,2157_01
Mars,False,TRAPPIST-1e,26.0,False,1775.0,0.0,28.0,0.0,796.0,False,2160_01
Mars,True,55 Cancri e,0.0,False,0.0,0.0,0.0,0.0,0.0,True,2160_02
Mars,True,TRAPPIST-1e,8.0,False,0.0,439.4842963318149,0.0,0.0,0.0,True,2160_03
Earth,False,TRAPPIST-1e,44.0,False,0.0,74.0,177.29552524527398,0.0,0.0,True,2165_01
Earth,False,TRAPPIST-1e,20.0,False,152.0,770.0,0.0,0.0,26.0,False,2166_01
Earth,False,TRAPPIST-1e,56.0,False,0.0,0.0,0.0,147.0,872.0,False,2169_01
Earth,False,TRAPPIST-1e,31.0,False,0.0,46.0,29.0,84.0,617.0,False,2170_01
Earth,False,55 Cancri e,16.0,False,0.0,1.0,0.0,19.0,878.0,False,2174_01
Earth,True,PSO J318.5-22,29.0,False,0.0,0.0,0.0,0.0,0.0,True,2176_01
Earth,False,TRAPPIST-1e,22.0,False,11.0,399.0,79.0,0.0,297.0,False,2178_01
Earth,False,TRAPPIST-1e,39.0,False,0.0,439.4842963318149,0.0,593.0,21.0,False,2181_01
Europa,True,55 Cancri e,25.0,False,0.0,0.0,0.0,0.0,0.0,True,2184_01
Europa,False,TRAPPIST-1e,43.0,False,0.0,0.0,0.0,0.0,0.0,True,2184_02
Europa,True,55 Cancri e,37.0,False,0.0,0.0,0.0,0.0,0.0,True,2185_01
Earth,False,PSO J318.5-22,24.0,False,286.0,31.0,208.0,207.0,39.0,False,2192_01
Earth,False,55 Cancri e,53.0,False,13.0,522.0,0.0,137.0,1.0,False,2197_01
Earth,False,55 Cancri e,19.0,False,0.0,5.0,573.0,124.0,0.0,True,2199_01
Mars,False,TRAPPIST-1e,24.0,False,693.0,0.0,727.0,0.0,2.0,False,2208_01
Mars,False,TRAPPIST-1e,31.0,False,1423.0,0.0,686.0,0.0,0.0,False,2213_01
Earth,False,TRAPPIST-1e,27.0,False,0.0,674.0,0.0,951.0,0.0,False,2214_01
Earth,False,PSO J318.5-22,57.0,False,0.0,545.0,0.0,0.0,0.0,False,2216_01
Europa,False,TRAPPIST-1e,26.0,False,132.0,2576.0,0.0,2060.0,3.0,False,2217_01
Earth,False,TRAPPIST-1e,15.0,False,167.0,0.0,532.0,0.0,89.0,True,2218_01
Mars,True,TRAPPIST-1e,19.0,False,0.0,0.0,0.0,0.0,0.0,True,2222_01
Earth,False,PSO J318.5-22,27.0,False,142.0,0.0,99.0,232.0,0.0,False,2226_01
Mars,True,TRAPPIST-1e,23.0,False,0.0,0.0,0.0,0.0,0.0,True,2227_01
Earth,True,TRAPPIST-1e,6.0,False,0.0,0.0,0.0,0.0,310.71003097450557,False,2230_01
Earth,False,TRAPPIST-1e,15.0,False,0.0,465.0,494.0,0.0,18.0,True,2236_01
Earth,True,55 Cancri e,2.0,False,0.0,0.0,0.0,0.0,0.0,True,2240_01
Earth,False,TRAPPIST-1e,21.0,False,12.0,555.0,0.0,0.0,882.0,False,2240_02
Earth,False,TRAPPIST-1e,0.0,False,0.0,0.0,0.0,0.0,0.0,True,2240_03
Earth,True,55 Cancri e,18.0,False,0.0,0.0,0.0,0.0,0.0,True,2242_01
Earth,False,TRAPPIST-1e,46.0,False,0.0,0.0,969.0,1.0,0.0,True,2244_01
Earth,True,55 Cancri e,43.0,False,0.0,0.0,0.0,0.0,0.0,True,2245_01
Europa,True,TRAPPIST-1e,45.0,True,0.0,0.0,0.0,0.0,0.0,True,2245_02
Europa,False,55 Cancri e,40.0,False,224.0,5672.0,177.29552524527398,663.0,779.0,False,2246_01
Europa,False,TRAPPIST-1e,44.0,False,0.0,18.0,0.0,980.0,2601.0,False,2246_02
Earth,False,55 Cancri e,27.0,False,0.0,3.0,0.0,0.0,1917.0,False,2247_01
Earth,False,TRAPPIST-1e,55.0,False,48.0,0.0,127.0,929.0,131.0,False,2248_01
Earth,False,TRAPPIST-1e,24.0,False,0.0,1606.0,0.0,0.0,2.0,True,2249_01
Earth,False,TRAPPIST-1e,27.0,False,76.0,0.0,1.0,27.0,865.0,False,2250_01
Europa,False,55 Cancri e,33.0,False,0.0,2333.0,0.0,106.0,896.0,False,2259_01
Europa,True,55 Cancri e,35.0,False,0.0,439.4842963318149,0.0,0.0,0.0,True,2259_02
Europa,True,TRAPPIST-1e,33.0,False,0.0,439.4842963318149,0.0,0.0,0.0,True,2260_01
Earth,False,TRAPPIST-1e,34.0,False,0.0,439.4842963318149,0.0,529.0,0.0,False,2265_01
Europa,False,55 Cancri e,37.0,False,567.0,32.0,0.0,1273.0,11632.0,False,2271_01
Earth,True,TRAPPIST-1e,46.0,False,0.0,0.0,0.0,0.0,0.0,True,2276_01
Earth,False,TRAPPIST-1e,45.0,False,1259.0,210.0,0.0,0.0,1.0,False,2276_02
Earth,False,TRAPPIST-1e,14.0,False,0.0,25.0,116.0,897.0,2.0,False,2283_01
Earth,False,PSO J318.5-22,28.65814620162446,False,0.0,20.0,36.0,0.0,788.0,False,2285_01
Earth,False,TRAPPIST-1e,56.0,False,0.0,6.0,0.0,406.0,355.0,False,2286_01
Earth,True,PSO J318.5-22,24.0,False,0.0,0.0,0.0,0.0,0.0,True,2290_01
Earth,True,PSO J318.5-22,19.0,False,0.0,0.0,0.0,0.0,0.0,True,2292_01
Mars,True,TRAPPIST-1e,51.0,False,0.0,0.0,0.0,0.0,0.0,True,2293_01
Europa,False,55 Cancri e,24.0,False,204.0,2322.0,874.0,0.0,252.0,True,2294_01
Earth,False,TRAPPIST-1e,23.0,False,839.0,0.0,0.0,38.0,0.0,False,2297_01
Earth,True,TRAPPIST-1e,21.0,False,0.0,0.0,0.0,0.0,0.0,True,2304_01
Earth,True,TRAPPIST-1e,6.0,False,0.0,0.0,0.0,0.0,0.0,False,2307_01
Earth,False,TRAPPIST-1e,11.0,False,0.0,0.0,0.0,0.0,0.0,False,2307_02
Earth,False,TRAPPIST-1e,4.0,False,0.0,0.0,0.0,0.0,0.0,True,2307_03
Earth,False,TRAPPIST-1e,0.0,False,0.0,0.0,0.0,0.0,0.0,True,2307_04
Earth,True,TRAPPIST-1e,7.0,False,0.0,0.0,0.0,0.0,0.0,True,2307_05
Earth,False,TRAPPIST-1e,24.0,False,51.0,1.0,199.0,536.0,0.0,False,2322_01
Earth,False,TRAPPIST-1e,32.0,False,12.0,0.0,0.0,1123.0,19.0,False,2323_01
Earth,False,TRAPPIST-1e,43.0,False,340.0,10.0,22.0,0.0,272.0,False,2324_01
Earth,True,TRAPPIST-1e,24.0,False,0.0,0.0,0.0,0.0,0.0,True,2326_01
Earth,False,TRAPPIST-1e,49.0,False,9.0,146.0,207.0,688.0,2.0,False,2328_01
Earth,False,PSO J318.5-22,21.0,False,17.0,0.0,0.0,595.0,0.0,False,2330_01
Europa,True,55 Cancri e,29.0,False,0.0,0.0,0.0,0.0,0.0,True,2331_01
Earth,False,TRAPPIST-1e,25.0,False,877.0,0.0,0.0,37.0,0.0,False,2334_01
Earth,True,PSO J318.5-22,27.0,False,0.0,0.0,0.0,0.0,0.0,True,2335_01
Earth,True,PSO J318.5-22,14.0,False,0.0,0.0,0.0,0.0,0.0,True,2337_01
Earth,False,TRAPPIST-1e,67.0,False,0.0,1.0,3.0,788.0,15.0,False,2342_01
Europa,True,55 Cancri e,17.0,False,0.0,0.0,0.0,0.0,0.0,True,2343_01
Europa,False,TRAPPIST-1e,44.0,False,0.0,0.0,0.0,0.0,0.0,True,2343_02
Earth,False,55 Cancri e,52.0,False,0.0,142.0,0.0,378.0,3209.0,False,2344_01
Europa,True,55 Cancri e,14.0,False,219.26626936829558,0.0,0.0,0.0,0.0,True,2344_02
Earth,False,TRAPPIST-1e,17.0,False,817.0,0.0,0.0,0.0,0.0,False,2346_01
Mars,False,TRAPPIST-1e,19.0,False,99.0,0.0,1522.0,276.0,0.0,True,2350_01
Mars,False,TRAPPIST-1e,36.0,False,853.0,382.0,8.0,14.0,30.0,False,2350_02
Mars,True,55 Cancri e,19.0,False,0.0,0.0,0.0,0.0,0.0,True,2350_03
Mars,False,TRAPPIST-1e,25.0,False,1872.0,189.0,438.0,4.0,269.0,False,2351_01
Mars,False,TRAPPIST-1e,39.0,False,995.0,0.0,169.0,27.0,0.0,False,2351_02
Mars,False,55 Cancri e,32.0,False,103.0,0.0,856.0,0.0,666.0,False,2352_01
Mars,False,TRAPPIST-1e,75.0,False,940.0,0.0,0.0,1188.0,60.0,False,2354_01
Europa,True,TRAPPIST-1e,37.0,False,0.0,0.0,0.0,303.05244252873564,0.0,True,2355_01
Europa,True,55 Cancri e,25.0,False,0.0,0.0,0.0,0.0,0.0,True,2355_02
Europa,False,TRAPPIST-1e,33.0,False,651.0,275.0,0.0,0.0,1128.0,False,2355_03
Europa,False,55 Cancri e,25.0,False,0.0,5619.0,0.0,0.0,11.0,True,2355_04
Earth,False,TRAPPIST-1e,24.0,False,1105.0,357.0,13.0,0.0,303.0,False,2358_01
Earth,False,TRAPPIST-1e,22.0,False,1448.0,0.0,0.0,0.0,1.0,False,2359_01
Earth,False,TRAPPIST-1e,22.0,False,219.26626936829558,170.0,0.0,0.0,1.0,False,2362_01
Earth,True,TRAPPIST-1e,36.0,False,0.0,0.0,0.0,0.0,0.0,True,2370_01
Earth,True,TRAPPIST-1e,4.0,False,0.0,0.0,0.0,0.0,0.0,True,2370_02
Earth,False,TRAPPIST-1e,61.0,False,17.0,21.0,177.29552524527398,0.0,111.0,False,2370_03
Earth,False,TRAPPIST-1e,0.0,False,0.0,0.0,0.0,0.0,0.0,True,2370_04
Earth,False,TRAPPIST-1e,15.0,False,1.0,0.0,859.0,0.0,0.0,True,2371_01
Mars,False,TRAPPIST-1e,42.0,False,884.0,336.0,0.0,8.0,0.0,False,2372_01
Mars,False,TRAPPIST-1e,27.0,False,343.0,0.0,706.0,0.0,0.0,False,2378_01
Mars,True,TRAPPIST-1e,5.0,False,0.0,0.0,0.0,0.0,0.0,True,2378_02
Europa,False,TRAPPIST-1e,32.0,False,0.0,3561.0,45.0,1552.0,7161.0,False,2380_01
Europa,True,55 Cancri e,38.0,False,0.0,0.0,0.0,303.05244252873564,0.0,True,2380_02
Earth,True,PSO J318.5-22,21.0,False,0.0,0.0,0.0,0.0,0.0,True,2381_01
Earth,False,PSO J318.5-22,23.0,False,169.0,5.0,0.0,371.0,1235.0,False,2383_01
Earth,False,TRAPPIST-1e,34.0,False,874.0,0.0,0.0,30.0,4.0,False,2383_02
Mars,True,TRAPPIST-1e,28.0,False,0.0,0.0,177.29552524527398,0.0,0.0,True,2386_01
Earth,False,TRAPPIST-1e,23.0,False,101.0,0.0,770.0,917.0,0.0,False,2388_01
Earth,True,TRAPPIST-1e,14.0,False,0.0,0.0,0.0,0.0,0.0,True,2388_02
Earth,False,TRAPPIST-1e,60.0,False,858.0,0.0,4.0,2.0,0.0,False,2393_01
Earth,True,PSO J318.5-22,78.0,False,0.0,0.0,0.0,0.0,0.0,True,2394_01
Earth,True,55 Cancri e,6.0,False,0.0,0.0,0.0,0.0,0.0,True,2394_02
Earth,False,55 Cancri e,17.0,False,0.0,13.0,395.0,161.0,307.0,False,2394_03
Earth,False,55 Cancri e,41.0,False,574.0,173.0,0.0,2.0,0.0,False,2400_01
Earth,False,PSO J318.5-22,40.0,False,2.0,10.0,0.0,14.0,657.0,False,2405_01
Europa,False,55 Cancri e,47.0,False,0.0,0.0,0.0,0.0,0.0,True,2407_01
Earth,False,TRAPPIST-1e,23.0,False,62.0,0.0,0.0,0.0,643.0,False,2408_01
Earth,False,TRAPPIST-1e,41.0,False,98.0,2634.0,0.0,3.0,0.0,True,2415_01
Earth,False,TRAPPIST-1e,60.0,False,0.0,0.0,2.0,24.0,1593.0,False,2418_01
Earth,False,TRAPPIST-1e,46.0,False,611.0,0.0,296.0,0.0,0.0,False,2420_01
Europa,False,55 Cancri e,19.0,False,0.0,799.0,0.0,38.0,15125.0,False,2422_01
Europa,True,55 Cancri e,18.0,False,0.0,0.0,0.0,0.0,0.0,True,2422_02
Earth,True,TRAPPIST-1e,0.0,False,0.0,0.0,177.29552524527398,0.0,0.0,True,2425_01
Earth,False,PSO J318.5-22,28.0,False,0.0,439.4842963318149,1059.0,8.0,83.0,True,2425_02
Earth,False,TRAPPIST-1e,30.0,False,0.0,1307.0,848.0,246.0,0.0,True,2425_03
Earth,False,55 Cancri e,9.0,False,0.0,0.0,0.0,0.0,0.0,True,2425_04
Earth,True,TRAPPIST-1e,0.0,False,0.0,0.0,0.0,0.0,0.0,True,2425_05
Earth,True,TRAPPIST-1e,4.0,False,0.0,0.0,0.0,0.0,0.0,True,2425_06
Earth,False,PSO J318.5-22,22.0,False,470.0,439.4842963318149,67.0,16.0,0.0,False,2428_01
Earth,True,TRAPPIST-1e,32.0,False,0.0,0.0,0.0,0.0,0.0,True,2430_01
Earth,False,TRAPPIST-1e,7.0,False,0.0,0.0,0.0,0.0,0.0,True,2430_02
Earth,False,TRAPPIST-1e,19.0,False,785.0,0.0,0.0,0.0,0.0,False,2430_03
Earth,True,TRAPPIST-1e,34.0,False,0.0,0.0,0.0,0.0,0.0,True,2434_01
Earth,False,TRAPPIST-1e,24.0,False,17.0,458.0,0.0,0.0,227.0,False,2434_02
Earth,False,TRAPPIST-1e,17.0,False,12.0,0.0,0.0,260.0,2358.0,False,2437_01
Earth,False,TRAPPIST-1e,31.0,False,25.0,1.0,740.0,0.0,0.0,True,2440_01
Earth,False,TRAPPIST-1e,42.0,False,549.0,439.4842963318149,2.0,252.0,0.0,False,2447_01
Europa,True,55 Cancri e,14.0,False,0.0,0.0,0.0,0.0,0.0,True,2448_01
Europa,True,55 Cancri e,27.0,False,0.0,0.0,0.0,0.0,0.0,True,2448_02
Earth,False,TRAPPIST-1e,21.0,False,0.0,0.0,19.0,52.0,2006.0,False,2450_01
Earth,True,55 Cancri e,24.0,False,0.0,0.0,0.0,0.0,0.0,True,2459_01
Mars,False,TRAPPIST-1e,34.0,False,2138.0,138.0,31.0,303.05244252873564,40.0,False,2464_01
Mars,False,55 Cancri e,35.0,False,667.0,0.0,387.0,0.0,0.0,False,2465_01
Europa,True,55 Cancri e,43.0,False,0.0,0.0,0.0,0.0,0.0,True,2468_01
Mars,True,TRAPPIST-1e,25.0,False,0.0,0.0,0.0,0.0,0.0,True,2469_01
Mars,False,TRAPPIST-1e,19.0,False,278.0,0.0,311.0,560.0,0.0,False,2469_02
Earth,False,TRAPPIST-1e,25.0,False,0.0,0.0,3.0,867.0,0.0,False,2473_01
Earth,True,55 Cancri e,22.0,False,0.0,0.0,0.0,0.0,0.0,True,2481_01
Earth,False,TRAPPIST-1e,23.0,False,460.0,182.0,40.0,40.0,65.0,False,2481_02
Europa,False,55 Cancri e,42.0,False,3.0,2477.0,0.0,1585.0,1765.0,False,2482_01
Europa,False,55 Cancri e,40.0,False,33.0,3030.0,0.0,3588.0,377.0,False,2482_02
Mars,True,TRAPPIST-1e,71.0,False,0.0,0.0,177.29552524527398,0.0,0.0,True,2484_01
Mars,False,TRAPPIST-1e,18.0,False,572.0,0.0,21.0,441.0,5.0,False,2484_02
Mars,False,TRAPPIST-1e,34.0,True,617.0,0.0,478.0,0.0,203.0,False,2485_01
Mars,False,TRAPPIST-1e,4.0,False,0.0,439.4842963318149,0.0,0.0,0.0,True,2487_01
Mars,True,TRAPPIST-1e,18.0,False,0.0,0.0,0.0,0.0,0.0,True,2487_02
Mars,False,TRAPPIST-1e,22.0,False,1938.0,475.0,165.0,0.0,0.0,False,2487_03
Earth,False,TRAPPIST-1e,38.0,False,41.0,0.0,19.0,57.0,685.0,False,2490_01
Europa,False,55 Cancri e,33.0,False,1.0,439.4842963318149,0.0,0.0,6031.0,False,2493_01
Europa,False,PSO J318.5-22,27.0,True,0.0,11984.0,1610.0,709.0,19086.0,False,2493_02
Europa,True,TRAPPIST-1e,18.0,False,0.0,0.0,0.0,0.0,0.0,True,2494_01
Europa,False,55 Cancri e,34.0,False,65.0,1612.0,0.0,5831.0,631.0,False,2494_02
Earth,False,55 Cancri e,66.0,False,595.0,0.0,0.0,33.0,0.0,False,2495_01
Europa,True,TRAPPIST-1e,47.0,False,0.0,439.4842963318149,177.29552524527398,0.0,0.0,True,2501_01
Earth,False,TRAPPIST-1e,35.0,False,127.0,629.0,59.0,86.0,0.0,False,2504_01
Earth,True,TRAPPIST-1e,23.0,False,0.0,0.0,0.0,0.0,0.0,True,2507_01
Earth,False,TRAPPIST-1e,36.0,False,59.0,59.0,850.0,0.0,2.0,True,2511_01
Earth,False,TRAPPIST-1e,36.0,False,3.0,755.0,0.0,33.0,0.0,True,2514_01
Mars,True,TRAPPIST-1e,35.0,False,0.0,0.0,0.0,0.0,0.0,True,2517_01
Earth,False,TRAPPIST-1e,15.0,False,756.0,3.0,43.0,30.0,45.0,False,2525_01
Europa,False,TRAPPIST-1e,39.0,True,381.0,1222.0,1104.0,121.0,2827.0,False,2529_01
Earth,False,55 Cancri e,48.0,False,283.0,0.0,3.0,0.0,106.0,False,2533_01
Mars,True,TRAPPIST-1e,47.0,False,0.0,0.0,0.0,0.0,0.0,True,2536_01
Europa,True,55 Cancri e,21.0,False,219.26626936829558,0.0,0.0,0.0,0.0,True,2538_01
Europa,True,TRAPPIST-1e,31.0,False,0.0,0.0,0.0,0.0,0.0,True,2538_02
Earth,False,TRAPPIST-1e,13.0,False,0.0,956.0,22.0,41.0,0.0,True,2539_01
Earth,False,TRAPPIST-1e,32.0,False,0.0,1010.0,0.0,0.0,0.0,True,2543_01
Earth,False,PSO J318.5-22,22.0,False,0.0,1185.0,3.0,0.0,310.71003097450557,False,2554_01
Mars,True,55 Cancri e,40.0,False,0.0,0.0,0.0,0.0,0.0,True,2556_01
Earth,True,TRAPPIST-1e,15.0,False,0.0,0.0,0.0,0.0,0.0,True,2563_01
Earth,False,TRAPPIST-1e,33.0,False,878.0,10.0,0.0,0.0,0.0,False,2566_01
Mars,True,TRAPPIST-1e,28.0,False,0.0,0.0,0.0,0.0,0.0,True,2567_01
Mars,True,TRAPPIST-1e,17.0,False,0.0,0.0,0.0,0.0,0.0,True,2567_02
Earth,False,TRAPPIST-1e,20.0,False,0.0,636.0,0.0,4.0,0.0,True,2568_01
Earth,False,TRAPPIST-1e,42.0,False,0.0,592.0,112.0,0.0,0.0,True,2569_01
Earth,True,TRAPPIST-1e,18.0,False,0.0,0.0,0.0,0.0,0.0,True,2570_01
Mars,False,55 Cancri e,27.0,False,824.0,0.0,5649.0,133.0,0.0,True,2575_01
Mars,True,TRAPPIST-1e,32.0,False,0.0,0.0,0.0,0.0,310.71003097450557,True,2576_01
Earth,True,TRAPPIST-1e,19.0,False,0.0,0.0,0.0,0.0,0.0,True,2577_01
Earth,True,TRAPPIST-1e,9.0,False,0.0,0.0,0.0,0.0,0.0,True,2577_02
Mars,False,TRAPPIST-1e,36.0,False,904.0,49.0,123.0,199.0,72.0,False,2579_01
Earth,True,TRAPPIST-1e,21.0,False,0.0,0.0,0.0,0.0,0.0,True,2583_01
Europa,True,TRAPPIST-1e,40.0,False,0.0,0.0,0.0,0.0,0.0,True,2585_01
Earth,True,TRAPPIST-1e,42.0,False,219.26626936829558,0.0,0.0,0.0,0.0,True,2586_01
Mars,True,TRAPPIST-1e,40.0,False,0.0,0.0,0.0,0.0,0.0,True,2587_01
Mars,True,TRAPPIST-1e,22.0,False,0.0,0.0,0.0,0.0,0.0,True,2587_02
Mars,False,TRAPPIST-1e,15.0,False,81.0,0.0,2267.0,0.0,0.0,True,2600_01
Earth,True,TRAPPIST-1e,38.0,False,0.0,0.0,0.0,0.0,0.0,True,2603_01
Earth,False,55 Cancri e,15.0,False,0.0,156.0,699.0,45.0,0.0,True,2603_02
Earth,True,PSO J318.5-22,24.0,False,0.0,0.0,0.0,0.0,0.0,True,2604_01
Earth,True,TRAPPIST-1e,22.0,False,0.0,0.0,0.0,0.0,0.0,True,2608_01
Earth,False,TRAPPIST-1e,24.0,False,2469.0,0.0,0.0,0.0,56.0,False,2610_01
Earth,False,TRAPPIST-1e,25.0,False,5.0,524.0,267.0,0.0,982.0,False,2611_01
Earth,False,TRAPPIST-1e,22.0,False,644.0,2.0,0.0,83.0,0.0,False,2612_01
Earth,False,TRAPPIST-1e,57.0,False,4.0,0.0,702.0,37.0,0.0,True,2613_01
Mars,False,TRAPPIST-1e,25.0,False,938.0,0.0,206.0,0.0,289.0,False,2614_01
Earth,False,TRAPPIST-1e,21.0,False,0.0,0.0,1352.0,0.0,182.0,True,2615_01
Earth,True,55 Cancri e,41.0,False,0.0,0.0,0.0,0.0,0.0,True,2620_01
Europa,False,55 Cancri e,27.0,False,11567.0,246.0,0.0,5957.0,496.0,False,2621_01
Earth,False,TRAPPIST-1e,18.0,False,419.0,134.0,0.0,311.0,0.0,False,2623_01
Earth,False,TRAPPIST-1e,61.0,False,1.0,0.0,328.0,241.0,873.0,False,2630_01
Earth,True,TRAPPIST-1e,9.0,False,0.0,0.0,0.0,0.0,0.0,True,2630_02
Earth,False,TRAPPIST-1e,1.0,False,0.0,0.0,0.0,0.0,0.0,True,2630_03
Earth,False,TRAPPIST-1e,27.0,False,0.0,196.0,7.0,0.0,1325.0,False,2632_01
Earth,False,TRAPPIST-1e,20.0,False,0.0,0.0,0.0,631.0,350.0,False,2637_01
Earth,True,PSO J318.5-22,2.0,False,0.0,0.0,0.0,0.0,0.0,True,2637_02
Earth,False,TRAPPIST-1e,0.0,False,0.0,0.0,0.0,0.0,0.0,True,2637_03
Mars,True,TRAPPIST-1e,25.0,False,0.0,0.0,0.0,0.0,0.0,True,2639_01
Earth,False,TRAPPIST-1e,22.0,False,2.0,12.0,0.0,630.0,59.0,False,2644_01
Mars,False,TRAPPIST-1e,32.0,True,733.0,11.0,1819.0,34.0,1.0,True,2653_01
Mars,False,TRAPPIST-1e,28.0,False,1.0,439.4842963318149,195.0,62.0,2406.0,False,2654_01
Europa,True,TRAPPIST-1e,43.0,False,0.0,0.0,0.0,0.0,0.0,True,2656_01
Europa,False,55 Cancri e,28.0,False,0.0,774.0,2760.0,4171.0,118.0,False,2665_01
Europa,True,55 Cancri e,32.0,False,0.0,0.0,0.0,0.0,0.0,True,2667_01
Europa,False,TRAPPIST-1e,54.0,False,0.0,373.0,177.29552524527398,400.0,3217.0,False,2667_02
Europa,False,TRAPPIST-1e,27.0,False,0.0,0.0,0.0,6.0,3223.0,False,2667_03
Europa,True,TRAPPIST-1e,30.0,False,0.0,0.0,0.0,0.0,0.0,True,2667_04
Europa,True,55 Cancri e,25.0,False,0.0,0.0,0.0,0.0,0.0,True,2667_05
Mars,False,TRAPPIST-1e,39.0,False,1236.0,0.0,849.0,303.05244252873564,0.0,False,2669_01
Earth,False,TRAPPIST-1e,14.0,False,100.0,3821.0,133.0,116.0,8.0,True,2673_01
Earth,False,TRAPPIST-1e,8.0,False,0.0,0.0,0.0,0.0,0.0,False,2674_01
Earth,False,TRAPPIST-1e,22.0,False,0.0,75.0,688.0,42.0,3.0,True,2674_02
Europa,False,TRAPPIST-1e,27.0,False,0.0,263.0,1.0,8580.0,0.0,False,2680_01
Earth,True,PSO J318.5-22,43.0,False,0.0,0.0,0.0,0.0,0.0,True,2681_01
Earth,False,TRAPPIST-1e,16.0,False,2730.0,397.0,0.0,0.0,56.0,False,2686_01
Earth,False,TRAPPIST-1e,40.0,False,4.0,439.4842963318149,0.0,1759.0,0.0,False,2689_01
Europa,True,TRAPPIST-1e,48.0,False,0.0,0.0,0.0,0.0,0.0,True,2694_01
Europa,False,TRAPPIST-1e,25.0,False,0.0,10754.0,3.0,345.0,478.0,True,2694_02
Europa,False,TRAPPIST-1e,29.0,False,0.0,2074.0,0.0,6.0,320.0,True,2696_01
Earth,False,PSO J318.5-22,60.0,False,0.0,245.0,0.0,985.0,0.0,False,2699_01
Earth,True,TRAPPIST-1e,22.0,False,0.0,0.0,0.0,0.0,0.0,True,2705_01
Europa,True,55 Cancri e,37.0,False,0.0,0.0,177.29552524527398,0.0,0.0,True,2710_01
Europa,True,55 Cancri e,35.0,False,0.0,0.0,0.0,303.05244252873564,0.0,True,2710_02
Mars,False,TRAPPIST-1e,23.0,False,855.0,1296.0,3765.0,0.0,0.0,True,2711_01
Mars,False,TRAPPIST-1e,24.0,False,671.0,0.0,344.0,0.0,6.0,False,2715_01
Mars,False,TRAPPIST-1e,15.0,False,1416.0,0.0,1184.0,3.0,0.0,False,2715_02
Europa,False,TRAPPIST-1e,18.0,False,0.0,439.4842963318149,0.0,1685.0,310.71003097450557,False,2716_01
Europa,True,55 Cancri e,14.0,False,0.0,0.0,0.0,0.0,0.0,True,2716_02
Mars,False,TRAPPIST-1e,39.0,False,2194.0,1034.0,21.0,0.0,0.0,False,2719_01
Mars,True,TRAPPIST-1e,12.0,False,0.0,0.0,0.0,0.0,0.0,True,2719_02
Mars,False,TRAPPIST-1e,43.0,False,1259.0,0.0,0.0,963.0,0.0,False,2719_03
Mars,False,TRAPPIST-1e,45.0,False,16.0,0.0,1103.0,303.05244252873564,0.0,True,2728_01
Earth,True,TRAPPIST-1e,24.0,False,0.0,0.0,0.0,0.0,0.0,True,2731_01
Earth,False,TRAPPIST-1e,52.0,False,0.0,295.0,0.0,303.05244252873564,233.0,False,2733_01
Earth,False,TRAPPIST-1e,18.0,False,798.0,2.0,0.0,8.0,0.0,False,2735_01
Earth,True,PSO J318.5-22,38.0,False,0.0,0.0,0.0,0.0,0.0,True,2742_01
Earth,False,55 Cancri e,28.65814620162446,False,0.0,765.0,3.0,14.0,1.0,True,2744_01
Earth,True,TRAPPIST-1e,28.0,False,0.0,0.0,0.0,0.0,0.0,True,2749_01
Earth,False,TRAPPIST-1e,19.0,False,0.0,0.0,0.0,802.0,7.0,False,2757_01
Earth,False,PSO J318.5-22,45.0,False,3.0,31.0,60.0,515.0,0.0,False,2761_01
Earth,False,TRAPPIST-1e,27.0,False,0.0,0.0,1388.0,0.0,15.0,True,2761_02
Earth,True,55 Cancri e,15.0,False,0.0,0.0,0.0,0.0,0.0,True,2766_01
Earth,False,TRAPPIST-1e,22.0,False,0.0,130.0,39.0,457.0,0.0,False,2767_01
Earth,False,TRAPPIST-1e,23.0,False,0.0,102.0,0.0,0.0,587.0,False,2771_01
Europa,False,TRAPPIST-1e,32.0,False,0.0,442.0,0.0,1700.0,315.0,False,2775_01
Earth,False,TRAPPIST-1e,15.0,False,0.0,34.0,861.0,0.0,47.0,True,2776_01
Europa,True,TRAPPIST-1e,30.0,True,0.0,0.0,0.0,0.0,0.0,True,2777_01
Earth,False,TRAPPIST-1e,60.0,False,454.0,1.0,91.0,1.0,227.0,False,2779_01
Earth,False,TRAPPIST-1e,50.0,False,0.0,104.0,6.0,1940.0,1.0,False,2782_01
Earth,False,TRAPPIST-1e,45.0,False,545.0,63.0,38.0,3.0,369.0,False,2791_01
Mars,False,TRAPPIST-1e,24.0,False,915.0,0.0,67.0,0.0,67.0,False,2794_01
Mars,False,TRAPPIST-1e,22.0,False,842.0,439.4842963318149,431.0,52.0,0.0,False,2794_02
Mars,False,TRAPPIST-1e,20.0,False,1.0,0.0,2638.0,0.0,0.0,True,2794_03
Mars,True,55 Cancri e,19.0,False,0.0,0.0,0.0,0.0,0.0,True,2794_04
Mars,False,TRAPPIST-1e,40.0,False,203.0,2.0,112.0,0.0,1065.0,False,2794_05
Mars,True,TRAPPIST-1e,14.0,False,0.0,0.0,0.0,0.0,0.0,True,2794_06
Mars,True,TRAPPIST-1e,18.0,False,0.0,0.0,0.0,0.0,0.0,True,2794_07
Mars,True,55 Cancri e,20.0,False,0.0,0.0,0.0,0.0,0.0,True,2800_01
Europa,True,TRAPPIST-1e,35.0,False,0.0,0.0,0.0,0.0,0.0,True,2803_01
Earth,True,TRAPPIST-1e,24.0,False,0.0,0.0,0.0,0.0,0.0,True,2804_01
Europa,True,55 Cancri e,30.0,False,0.0,0.0,0.0,0.0,0.0,True,2808_01
Europa,False,TRAPPIST-1e,44.0,False,0.0,9662.0,0.0,1.0,1260.0,True,2808_02
Earth,False,TRAPPIST-1e,42.0,False,0.0,0.0,85.0,0.0,703.0,False,2815_01
Earth,True,TRAPPIST-1e,3.0,False,0.0,0.0,0.0,0.0,0.0,True,2815_02
Earth,False,TRAPPIST-1e,19.0,False,6.0,697.0,0.0,0.0,0.0,True,2815_03
Europa,True,TRAPPIST-1e,69.0,False,0.0,0.0,0.0,0.0,0.0,True,2816_01
Earth,True,55 Cancri e,50.0,False,0.0,0.0,0.0,0.0,0.0,True,2827_01
Earth,False,PSO J318.5-22,15.0,False,144.0,0.0,0.0,6.0,379.0,False,2828_01
Earth,True,TRAPPIST-1e,18.0,False,0.0,0.0,0.0,0.0,0.0,True,2829_01
Earth,True,PSO J318.5-22,25.0,False,0.0,0.0,0.0,0.0,0.0,True,2830_01
Earth,True,PSO J318.5-22,15.0,False,0.0,0.0,0.0,0.0,0.0,True,2833_01
Europa,False,55 Cancri e,62.0,False,0.0,9724.0,0.0,47.0,14.0,True,2836_01
Earth,False,TRAPPIST-1e,19.0,False,0.0,9.0,0.0,1118.0,0.0,False,2841_01
Earth,True,TRAPPIST-1e,29.0,False,0.0,0.0,0.0,0.0,0.0,True,2842_01
Earth,False,55 Cancri e,28.0,False,16.0,0.0,0.0,303.05244252873564,1317.0,False,2844_01
Europa,True,55 Cancri e,25.0,False,0.0,0.0,0.0,0.0,0.0,True,2845_01
Europa,True,TRAPPIST-1e,22.0,False,0.0,0.0,0.0,0.0,0.0,True,2845_02
Europa,True,TRAPPIST-1e,35.0,False,0.0,0.0,0.0,0.0,0.0,True,2848_01
Europa,True,TRAPPIST-1e,61.0,False,0.0,0.0,0.0,0.0,0.0,True,2848_02
Europa,True,55 Cancri e,26.0,False,0.0,0.0,0.0,0.0,0.0,True,2848_03
Earth,False,TRAPPIST-1e,19.0,False,0.0,0.0,0.0,0.0,1201.0,False,2849_01
Mars,False,TRAPPIST-1e,2.0,False,0.0,0.0,0.0,0.0,0.0,True,2850_01
Mars,True,TRAPPIST-1e,0.0,False,0.0,0.0,0.0,0.0,0.0,True,2850_02
Mars,False,TRAPPIST-1e,26.0,False,1208.0,90.0,1.0,0.0,0.0,False,2850_03
Mars,True,TRAPPIST-1e,6.0,False,0.0,0.0,0.0,0.0,0.0,True,2850_04
Earth,False,55 Cancri e,23.0,False,5.0,0.0,0.0,49.0,668.0,False,2851_01
Earth,True,55 Cancri e,50.0,False,0.0,0.0,0.0,0.0,0.0,True,2855_01
Mars,False,TRAPPIST-1e,18.0,False,2366.0,0.0,238.0,0.0,0.0,False,2864_01
Earth,True,TRAPPIST-1e,7.0,False,0.0,0.0,0.0,0.0,0.0,True,2868_01
Earth,True,TRAPPIST-1e,3.0,False,0.0,0.0,0.0,0.0,0.0,True,2868_02
Earth,False,TRAPPIST-1e,3.0,False,0.0,0.0,0.0,0.0,0.0,True,2868_03
Earth,False,TRAPPIST-1e,37.0,False,0.0,0.0,1631.0,0.0,75.0,True,2868_04
Earth,False,TRAPPIST-1e,25.0,False,219.26626936829558,5.0,12.0,978.0,0.0,False,2874_01
Earth,False,TRAPPIST-1e,22.0,False,0.0,439.4842963318149,0.0,0.0,1128.0,False,2879_01
Mars,False,TRAPPIST-1e,20.0,False,91.0,0.0,10.0,1187.0,0.0,False,2885_01
Mars,False,TRAPPIST-1e,32.0,False,2436.0,0.0,18.0,9.0,0.0,False,2886_01
Earth,False,TRAPPIST-1e,34.0,False,0.0,0.0,573.0,214.0,0.0,False,2889_01
Europa,True,55 Cancri e,47.0,False,0.0,0.0,0.0,0.0,0.0,True,2895_01
Earth,False,TRAPPIST-1e,23.0,False,11.0,0.0,0.0,0.0,1281.0,False,2896_01
Europa,False,TRAPPIST-1e,22.0,False,0.0,4313.0,0.0,0.0,25.0,True,2898_01
Europa,True,TRAPPIST-1e,35.0,False,0.0,0.0,0.0,0.0,0.0,True,2898_02
Earth,False,PSO J318.5-22,18.0,False,33.0,1352.0,38.0,0.0,310.71003097450557,False,2903_01
Europa,False,TRAPPIST-1e,36.0,False,86.0,290.0,2271.0,2184.0,91.0,False,2904_01
Europa,True,TRAPPIST-1e,32.0,False,0.0,0.0,0.0,0.0,0.0,True,2904_02
Earth,True,TRAPPIST-1e,29.0,False,0.0,0.0,0.0,0.0,0.0,True,2911_01
Europa,True,TRAPPIST-1e,19.0,False,0.0,0.0,0.0,0.0,0.0,True,2914_01
Mars,True,TRAPPIST-1e,45.0,False,0.0,0.0,0.0,0.0,0.0,True,2915_01
Mars,True,TRAPPIST-1e,28.65814620162446,False,0.0,0.0,0.0,0.0,0.0,True,2916_01
Earth,False,TRAPPIST-1e,14.0,False,890.0,0.0,75.0,0.0,0.0,False,2917_01
Europa,False,55 Cancri e,22.0,False,0.0,562.0,0.0,0.0,3808.0,False,2918_01
Earth,False,TRAPPIST-1e,31.0,False,0.0,0.0,0.0,234.0,572.0,False,2921_01
Mars,False,TRAPPIST-1e,25.0,False,1.0,72.0,1202.0,33.0,0.0,True,2922_01
Earth,False,TRAPPIST-1e,15.0,False,19.0,3673.0,173.0,0.0,314.0,True,2923_01
Mars,False,TRAPPIST-1e,28.0,False,2521.0,0.0,303.0,8.0,0.0,False,2924_01
Earth,True,TRAPPIST-1e,34.0,False,0.0,0.0,0.0,0.0,0.0,True,2931_01
Earth,False,TRAPPIST-1e,28.0,False,743.0,27.0,10.0,0.0,17.0,False,2931_02
Europa,True,TRAPPIST-1e,45.0,False,0.0,0.0,0.0,0.0,0.0,True,2932_01
Earth,False,TRAPPIST-1e,44.0,False,0.0,72.0,0.0,665.0,0.0,False,2933_01
Earth,False,TRAPPIST-1e,22.0,False,0.0,1.0,177.29552524527398,237.0,620.0,False,2937_01
Earth,False,TRAPPIST-1e,48.0,False,0.0,0.0,889.0,0.0,0.0,True,2939_01
Earth,False,TRAPPIST-1e,25.0,False,1722.0,906.0,0.0,0.0,1.0,False,2946_01
Earth,False,TRAPPIST-1e,24.0,False,646.0,202.0,0.0,3.0,2.0,False,2946_02
Earth,False,TRAPPIST-1e,20.0,False,0.0,822.0,0.0,65.0,0.0,True,2946_03
Earth,False,TRAPPIST-1e,46.0,False,0.0,7.0,327.0,0.0,508.0,False,2946_04
Earth,True,TRAPPIST-1e,40.0,False,0.0,0.0,0.0,0.0,0.0,True,2947_01
Earth,False,PSO J318.5-22,26.0,False,368.0,0.0,177.29552524527398,406.0,0.0,False,2951_01
Earth,False,55 Cancri e,56.0,False,0.0,88.0,0.0,882.0,207.0,False,2952_01
Earth,False,TRAPPIST-1e,37.0,False,262.0,380.0,0.0,39.0,766.0,False,2955_01
Earth,True,TRAPPIST-1e,35.0,False,0.0,0.0,0.0,0.0,0.0,True,2957_01
Earth,False,TRAPPIST-1e,15.0,False,152.0,630.0,124.0,1.0,0.0,True,2963_01
Earth,False,TRAPPIST-1e,21.0,False,0.0,934.0,0.0,303.05244252873564,0.0,False,2967_01
Earth,False,TRAPPIST-1e,24.0,False,0.0,2.0,70.0,707.0,7.0,False,2973_01
Earth,False,55 Cancri e,30.0,False,0.0,137.0,15.0,0.0,1292.0,False,2974_01
Europa,True,55 Cancri e,34.0,False,0.0,0.0,0.0,0.0,0.0,True,2976_01
Europa,True,55 Cancri e,16.0,False,0.0,0.0,0.0,0.0,0.0,True,2976_02
Europa,True,55 Cancri e,55.0,False,0.0,0.0,0.0,0.0,0.0,True,2976_03
Europa,False,55 Cancri e,27.0,False,0.0,49.0,77.0,2427.0,3590.0,False,2976_04
Earth,False,TRAPPIST-1e,44.0,False,48.0,207.0,10.0,443.0,2.0,False,2977_01
Earth,False,TRAPPIST-1e,17.0,False,75.0,0.0,816.0,0.0,265.0,True,2977_02
Earth,False,PSO J318.5-22,17.0,False,546.0,0.0,0.0,0.0,203.0,False,2977_03
Mars,False,TRAPPIST-1e,36.0,False,3.0,0.0,345.0,1.0,960.0,False,2978_01
Earth,False,TRAPPIST-1e,18.0,False,0.0,0.0,111.0,451.0,82.0,False,2980_01
Earth,True,PSO J318.5-22,14.0,False,0.0,0.0,0.0,0.0,0.0,True,2981_01
Earth,False,TRAPPIST-1e,21.0,False,0.0,680.0,0.0,0.0,13.0,True,2985_01
Earth,False,55 Cancri e,26.0,False,783.0,40.0,77.0,6.0,0.0,False,2987_01
Earth,False,TRAPPIST-1e,28.65814620162446,False,1.0,395.0,0.0,240.0,12.0,False,2989_01
Mars,False,TRAPPIST-1e,21.0,False,1214.0,0.0,88.0,1296.0,0.0,False,2991_01
Europa,True,55 Cancri e,25.0,False,0.0,0.0,0.0,0.0,0.0,True,2997_01
Europa,False,TRAPPIST-1e,27.0,False,0.0,4.0,549.0,2928.0,354.0,False,2997_02
Europa,False,55 Cancri e,25.0,False,0.0,2037.0,2.0,0.0,2166.0,False,2997_03
Europa,True,TRAPPIST-1e,43.0,False,0.0,0.0,0.0,0.0,0.0,True,2997_04
Mars,False,TRAPPIST-1e,35.0,False,1228.0,0.0,1923.0,19.0,2.0,False,2999_01
Earth,False,PSO J318.5-22,21.0,False,0.0,0.0,0.0,95.0,642.0,False,3002_01
Earth,False,TRAPPIST-1e,23.0,False,1.0,0.0,0.0,445.0,0.0,False,3007_01
Europa,True,55 Cancri e,17.0,False,0.0,0.0,177.29552524527398,303.05244252873564,0.0,True,3008_01
Earth,False,TRAPPIST-1e,21.0,False,0.0,844.0,36.0,2051.0,3178.0,False,3008_02
Europa,True,TRAPPIST-1e,21.0,False,0.0,0.0,0.0,0.0,0.0,True,3008_03
Europa,False,TRAPPIST-1e,39.0,False,0.0,2061.0,18.0,443.0,157.0,True,3008_04
Europa,True,55 Cancri e,22.0,False,0.0,0.0,0.0,0.0,0.0,True,3008_05
Europa,True,55 Cancri e,40.0,False,0.0,0.0,0.0,0.0,0.0,True,3008_06
Earth,True,TRAPPIST-1e,25.0,False,0.0,0.0,0.0,0.0,0.0,True,3011_01
Earth,False,TRAPPIST-1e,6.0,False,0.0,0.0,0.0,0.0,0.0,True,3016_01
Earth,True,TRAPPIST-1e,1.0,False,0.0,0.0,0.0,0.0,0.0,True,3016_02
Earth,True,TRAPPIST-1e,1.0,False,0.0,0.0,0.0,0.0,0.0,True,3016_03
Earth,False,TRAPPIST-1e,20.0,False,768.0,439.4842963318149,0.0,0.0,3.0,False,3016_04
Earth,False,TRAPPIST-1e,17.0,False,0.0,4738.0,188.0,0.0,310.71003097450557,True,3017_01
Earth,True,TRAPPIST-1e,22.0,False,0.0,0.0,0.0,0.0,0.0,True,3028_01
Mars,True,55 Cancri e,18.0,False,0.0,0.0,0.0,0.0,0.0,True,3031_01
Mars,False,TRAPPIST-1e,49.0,False,0.0,0.0,0.0,0.0,0.0,False,3035_01
Europa,True,55 Cancri e,27.0,False,0.0,0.0,0.0,0.0,0.0,True,3037_01
Europa,True,TRAPPIST-1e,40.0,False,0.0,0.0,0.0,0.0,0.0,True,3037_02
Earth,False,TRAPPIST-1e,22.0,False,1.0,0.0,55.0,183.0,552.0,False,3041_01
Mars,False,TRAPPIST-1e,55.0,False,174.0,0.0,958.0,84.0,0.0,True,3043_01
Earth,False,TRAPPIST-1e,45.0,False,0.0,2203.0,0.0,895.0,0.0,False,3046_01
Earth,False,TRAPPIST-1e,33.0,False,1726.0,0.0,2.0,0.0,50.0,False,3049_01
Earth,False,TRAPPIST-1e,42.0,False,56.0,3.0,0.0,1771.0,514.0,False,3051_01
Europa,False,TRAPPIST-1e,27.0,False,0.0,351.0,0.0,3829.0,76.0,False,3052_01
Earth,True,TRAPPIST-1e,16.0,False,0.0,0.0,0.0,0.0,0.0,True,3056_01
Mars,False,TRAPPIST-1e,23.0,False,219.26626936829558,0.0,178.0,0.0,0.0,False,3057_01
Earth,False,TRAPPIST-1e,31.0,False,885.0,0.0,0.0,0.0,22.0,False,3058_01
Europa,True,TRAPPIST-1e,62.0,False,0.0,0.0,0.0,0.0,0.0,True,3059_01
Earth,False,PSO J318.5-22,43.0,False,472.0,52.0,160.0,0.0,0.0,False,3069_01
Mars,True,55 Cancri e,57.0,False,0.0,0.0,0.0,0.0,0.0,True,3072_01
Earth,False,PSO J318.5-22,23.0,False,0.0,0.0,1342.0,7.0,0.0,True,3074_01
Earth,False,55 Cancri e,20.0,False,107.0,476.0,982.0,20.0,0.0,True,3075_01
Europa,True,55 Cancri e,21.0,False,0.0,0.0,0.0,0.0,0.0,True,3077_01
Europa,True,55 Cancri e,27.0,False,0.0,0.0,0.0,0.0,0.0,True,3077_02
Europa,False,55 Cancri e,31.0,False,0.0,573.0,0.0,15733.0,32.0,False,3078_01
Europa,False,TRAPPIST-1e,31.0,True,0.0,998.0,103.0,15255.0,432.0,False,3078_02
Europa,True,TRAPPIST-1e,24.0,False,0.0,0.0,0.0,0.0,0.0,True,3078_03
Europa,False,TRAPPIST-1e,27.0,False,0.0,2995.0,0.0,5534.0,4484.0,False,3078_04
Earth,False,TRAPPIST-1e,28.0,False,0.0,488.0,307.0,9.0,0.0,True,3086_01
Mars,True,TRAPPIST-1e,44.0,False,0.0,0.0,0.0,0.0,0.0,True,3089_01
Earth,True,TRAPPIST-1e,19.0,False,0.0,0.0,0.0,0.0,0.0,True,3094_01
Mars,True,TRAPPIST-1e,14.0,False,0.0,0.0,0.0,0.0,310.71003097450557,True,3097_01
Earth,False,TRAPPIST-1e,65.0,False,19.0,33.0,168.0,62.0,1387.0,False,3098_01
Mars,False,TRAPPIST-1e,73.0,False,1858.0,0.0,382.0,8.0,329.0,False,3101_01
Europa,True,TRAPPIST-1e,28.65814620162446,False,0.0,0.0,0.0,0.0,0.0,True,3105_01
Europa,False,TRAPPIST-1e,25.0,False,0.0,4827.0,0.0,75.0,1919.0,True,3105_02
Europa,True,TRAPPIST-1e,28.65814620162446,False,0.0,0.0,0.0,0.0,0.0,True,3105_03
Earth,False,TRAPPIST-1e,34.0,False,2.0,768.0,8.0,0.0,0.0,True,3106_01
Earth,True,TRAPPIST-1e,63.0,False,0.0,0.0,0.0,303.05244252873564,0.0,True,3107_01
Earth,True,TRAPPIST-1e,53.0,False,0.0,0.0,0.0,0.0,0.0,True,3108_01
Earth,False,TRAPPIST-1e,18.0,False,2.0,807.0,0.0,0.0,0.0,True,3109_01
Earth,True,PSO J318.5-22,40.0,False,0.0,0.0,0.0,0.0,0.0,True,3115_01
Mars,False,TRAPPIST-1e,28.0,False,783.0,439.4842963318149,274.0,0.0,0.0,False,3122_01
Mars,False,TRAPPIST-1e,45.0,False,951.0,93.0,0.0,0.0,194.0,False,3122_02
Mars,False,TRAPPIST-1e,32.0,False,3337.0,6.0,1.0,0.0,0.0,False,3125_01
Earth,False,55 Cancri e,19.0,False,24.0,0.0,1.0,1742.0,0.0,False,3125_02
Europa,True,55 Cancri e,65.0,False,0.0,0.0,0.0,0.0,0.0,True,3127_01
Earth,False,TRAPPIST-1e,20.0,False,0.0,0.0,977.0,0.0,4.0,True,3129_01
Earth,False,55 Cancri e,18.0,False,298.0,0.0,0.0,342.0,0.0,False,3135_01
Earth,True,PSO J318.5-22,18.0,False,0.0,0.0,0.0,0.0,0.0,True,3137_01
Earth,False,TRAPPIST-1e,58.0,False,0.0,439.4842963318149,0.0,0.0,208.0,False,3139_01
Mars,True,TRAPPIST-1e,25.0,False,0.0,0.0,0.0,0.0,0.0,True,3141_01
Earth,False,TRAPPIST-1e,13.0,False,0.0,6.0,316.0,401.0,0.0,False,3144_01
Earth,False,PSO J318.5-22,28.65814620162446,False,208.0,594.0,0.0,0.0,473.0,False,3146_01
Earth,False,TRAPPIST-1e,22.0,False,0.0,902.0,2.0,0.0,0.0,True,3148_01
Earth,False,TRAPPIST-1e,22.0,False,0.0,0.0,0.0,381.0,403.0,False,3148_02
Earth,False,TRAPPIST-1e,10.0,False,0.0,0.0,177.29552524527398,0.0,0.0,False,3150_01
Europa,True,55 Cancri e,14.0,False,0.0,0.0,0.0,0.0,0.0,True,3151_01
Earth,False,TRAPPIST-1e,44.0,False,126.0,0.0,4.0,655.0,0.0,False,3153_01
Earth,True,55 Cancri e,10.0,False,0.0,0.0,0.0,0.0,0.0,True,3153_02
Earth,True,TRAPPIST-1e,37.0,False,0.0,0.0,0.0,0.0,0.0,True,3154_01
Europa,True,55 Cancri e,37.0,False,0.0,0.0,0.0,0.0,0.0,True,3155_01
Europa,False,55 Cancri e,44.0,False,0.0,4701.0,4.0,1.0,1133.0,True,3155_02
Earth,False,PSO J318.5-22,42.0,False,854.0,25.0,177.29552524527398,11.0,0.0,False,3156_01
Mars,False,TRAPPIST-1e,18.0,False,966.0,0.0,271.0,106.0,218.0,False,3157_01
Mars,False,TRAPPIST-1e,34.0,False,1768.0,0.0,177.29552524527398,0.0,0.0,False,3160_01
Earth,False,TRAPPIST-1e,15.0,False,193.0,84.0,0.0,592.0,6.0,False,3165_01
Earth,False,TRAPPIST-1e,36.0,False,0.0,1.0,1001.0,0.0,16.0,True,3167_01
Earth,True,TRAPPIST-1e,27.0,False,0.0,0.0,0.0,0.0,0.0,True,3170_01
Earth,True,TRAPPIST-1e,33.0,False,0.0,0.0,0.0,0.0,0.0,True,3173_01
Earth,False,TRAPPIST-1e,27.0,False,0.0,261.0,0.0,9.0,551.0,False,3177_01
Mars,True,TRAPPIST-1e,22.0,False,0.0,0.0,0.0,0.0,0.0,True,3178_01
Earth,False,TRAPPIST-1e,19.0,False,273.0,566.0,0.0,68.0,0.0,False,3183_01
Mars,True,TRAPPIST-1e,18.0,False,0.0,0.0,0.0,0.0,0.0,True,3186_01
Europa,False,55 Cancri e,31.0,False,45.0,3150.0,0.0,1656.0,0.0,False,3187_01
Mars,False,TRAPPIST-1e,41.0,False,25.0,0.0,84.0,0.0,1239.0,False,3190_01
Mars,True,TRAPPIST-1e,48.0,False,0.0,0.0,0.0,0.0,0.0,True,3190_02
Earth,False,TRAPPIST-1e,23.0,False,0.0,138.0,0.0,303.05244252873564,45.0,False,3194_01
Mars,False,TRAPPIST-1e,29.0,False,168.0,2.0,45.0,2405.0,3.0,False,3198_01
Europa,False,TRAPPIST-1e,38.0,False,320.0,4398.0,0.0,250.0,137.0,True,3199_01
Earth,False,PSO J318.5-22,21.0,False,0.0,1.0,673.0,24.0,1.0,True,3202_01
Earth,False,PSO J318.5-22,20.0,False,2.0,0.0,1008.0,1090.0,1.0,False,3207_01
Europa,False,TRAPPIST-1e,27.0,False,0.0,11293.0,0.0,297.0,4736.0,False,3208_01
Mars,True,TRAPPIST-1e,33.0,False,0.0,0.0,0.0,0.0,0.0,True,3214_01
Earth,False,TRAPPIST-1e,24.0,False,684.0,87.0,0.0,0.0,0.0,False,3222_01
Mars,True,TRAPPIST-1e,23.0,False,0.0,0.0,0.0,0.0,0.0,True,3226_01
Mars,False,55 Cancri e,22.0,False,2545.0,0.0,460.0,7.0,0.0,False,3228_01
Earth,True,55 Cancri e,13.0,False,0.0,0.0,0.0,0.0,0.0,True,3231_01
Earth,False,55 Cancri e,24.0,False,0.0,981.0,156.0,14.0,0.0,True,3233_01
Earth,False,TRAPPIST-1e,32.0,False,26.0,0.0,129.0,0.0,712.0,False,3234_01
Mars,False,TRAPPIST-1e,17.0,False,33.0,8.0,199.0,0.0,808.0,False,3242_01
Europa,True,TRAPPIST-1e,28.0,False,0.0,0.0,0.0,0.0,0.0,True,3244_01
Europa,True,TRAPPIST-1e,46.0,False,0.0,0.0,0.0,0.0,0.0,True,3244_02
Europa,True,55 Cancri e,18.0,False,0.0,0.0,0.0,0.0,0.0,True,3244_03
Earth,False,TRAPPIST-1e,24.0,False,26.0,0.0,676.0,121.0,0.0,True,3245_01
Earth,False,TRAPPIST-1e,20.0,False,0.0,0.0,243.0,21.0,2149.0,False,3245_02
Earth,False,TRAPPIST-1e,17.0,False,0.0,880.0,0.0,0.0,44.0,True,3246_01
Earth,False,TRAPPIST-1e,44.0,False,0.0,0.0,0.0,0.0,803.0,False,3249_01
Earth,False,PSO J318.5-22,34.0,False,1.0,874.0,0.0,51.0,0.0,True,3249_02
Earth,False,PSO J318.5-22,19.0,False,149.0,0.0,37.0,173.0,308.0,False,3250_01
Earth,False,TRAPPIST-1e,28.0,False,0.0,0.0,1.0,0.0,739.0,False,3251_01
Mars,True,TRAPPIST-1e,28.65814620162446,False,0.0,0.0,0.0,0.0,310.71003097450557,True,3257_01
Europa,False,55 Cancri e,57.0,False,0.0,6290.0,0.0,5156.0,0.0,False,3261_01
Mars,True,TRAPPIST-1e,34.0,False,0.0,0.0,0.0,303.05244252873564,0.0,True,3263_01
Mars,False,TRAPPIST-1e,18.0,False,1454.0,15.0,117.0,0.0,0.0,False,3264_01
Europa,False,TRAPPIST-1e,28.0,True,59.0,152.0,0.0,23.0,3656.0,False,3265_01
Europa,False,55 Cancri e,6.0,False,0.0,0.0,0.0,0.0,0.0,True,3265_02
Europa,True,55 Cancri e,53.0,False,0.0,0.0,0.0,0.0,0.0,True,3265_03
Europa,False,TRAPPIST-1e,6.0,False,0.0,0.0,0.0,0.0,0.0,True,3265_04
Mars,False,TRAPPIST-1e,33.0,False,162.0,354.0,149.0,57.0,0.0,False,3266_01
Europa,True,55 Cancri e,43.0,False,0.0,0.0,0.0,0.0,0.0,True,3267_01
Earth,False,TRAPPIST-1e,44.0,False,0.0,0.0,0.0,0.0,3762.0,False,3277_01
Mars,True,TRAPPIST-1e,28.0,False,0.0,0.0,177.29552524527398,0.0,0.0,True,3278_01
Mars,True,55 Cancri e,37.0,False,0.0,0.0,0.0,0.0,0.0,True,3281_01
Mars,False,TRAPPIST-1e,55.0,False,6438.0,0.0,1425.0,208.0,0.0,False,3285_01
Mars,True,TRAPPIST-1e,40.0,False,0.0,0.0,0.0,0.0,0.0,True,3285_02
Earth,False,TRAPPIST-1e,38.0,False,0.0,0.0,11.0,796.0,0.0,False,3286_01
Mars,True,TRAPPIST-1e,24.0,False,0.0,0.0,0.0,0.0,0.0,True,3288_01
Mars,True,TRAPPIST-1e,53.0,False,0.0,0.0,0.0,0.0,0.0,True,3290_01
Mars,False,TRAPPIST-1e,61.0,False,2647.0,0.0,0.0,0.0,127.0,False,3290_02
Earth,True,TRAPPIST-1e,17.0,False,0.0,0.0,0.0,0.0,0.0,True,3291_01
Earth,False,TRAPPIST-1e,20.0,False,0.0,0.0,0.0,784.0,0.0,False,3302_01
Earth,False,TRAPPIST-1e,22.0,False,0.0,42.0,0.0,19.0,709.0,False,3303_01
Mars,False,TRAPPIST-1e,27.0,False,1338.0,0.0,30.0,20.0,1569.0,False,3306_01
Earth,False,TRAPPIST-1e,19.0,False,0.0,0.0,712.0,1.0,0.0,True,3307_01
Earth,False,TRAPPIST-1e,23.0,False,2.0,1447.0,0.0,0.0,0.0,True,3316_01
Europa,False,55 Cancri e,33.0,False,0.0,2455.0,0.0,5252.0,159.0,False,3320_01
Europa,False,55 Cancri e,26.0,False,53.0,7.0,0.0,3752.0,16.0,False,3320_02
Mars,True,TRAPPIST-1e,33.0,False,0.0,0.0,0.0,0.0,0.0,True,3321_01
Earth,False,TRAPPIST-1e,39.0,False,0.0,840.0,0.0,0.0,0.0,True,3333_01
Earth,True,PSO J318.5-22,47.0,False,0.0,0.0,0.0,0.0,0.0,True,3334_01
Earth,False,TRAPPIST-1e,33.0,False,399.0,24.0,0.0,364.0,0.0,False,3335_01
Mars,False,TRAPPIST-1e,40.0,False,9.0,1.0,79.0,775.0,156.0,False,3340_01
Earth,True,55 Cancri e,19.0,False,0.0,0.0,0.0,0.0,0.0,True,3341_01
Europa,False,55 Cancri e,26.0,False,1.0,485.0,0.0,12842.0,0.0,False,3341_02
Europa,True,TRAPPIST-1e,24.0,False,0.0,0.0,0.0,0.0,0.0,True,3344_01
Europa,True,TRAPPIST-1e,15.0,False,0.0,0.0,177.29552524527398,0.0,0.0,True,3344_02
Earth,False,55 Cancri e,2.0,False,0.0,0.0,0.0,0.0,0.0,True,3345_01
Earth,False,55 Cancri e,33.0,False,1641.0,0.0,8.0,8.0,0.0,False,3345_02
Earth,True,PSO J318.5-22,14.0,False,0.0,0.0,177.29552524527398,0.0,0.0,True,3345_03
Earth,False,TRAPPIST-1e,22.0,False,6.0,0.0,723.0,1923.0,15.0,False,3346_01
Europa,False,55 Cancri e,45.0,False,64.0,7980.0,0.0,1.0,1470.0,True,3347_01
Europa,False,55 Cancri e,58.0,False,0.0,2696.0,0.0,2882.0,1563.0,False,3347_02
Earth,True,55 Cancri e,13.0,False,0.0,0.0,0.0,0.0,0.0,True,3351_01
Earth,False,55 Cancri e,36.0,False,0.0,0.0,685.0,11.0,8.0,True,3351_02
Europa,False,TRAPPIST-1e,35.0,False,0.0,842.0,9.0,2061.0,547.0,False,3354_01
Earth,True,PSO J318.5-22,23.0,False,0.0,0.0,0.0,0.0,0.0,True,3355_01
Europa,False,TRAPPIST-1e,27.0,False,0.0,1624.0,0.0,53.0,1152.0,False,3356_01
Earth,False,TRAPPIST-1e,24.0,False,684.0,0.0,87.0,0.0,0.0,False,3358_01
Europa,False,TRAPPIST-1e,43.0,False,0.0,20809.0,13.0,3745.0,2862.0,False,3362_01
Europa,False,TRAPPIST-1e,67.0,True,0.0,6564.0,4.0,3560.0,243.0,False,3362_02
Europa,True,TRAPPIST-1e,29.0,False,0.0,0.0,0.0,0.0,0.0,True,3366_01
Earth,False,TRAPPIST-1e,28.0,False,0.0,818.0,51.0,0.0,0.0,True,3367_01
Mars,True,TRAPPIST-1e,18.0,False,0.0,0.0,0.0,0.0,0.0,True,3368_01
Mars,True,55 Cancri e,35.0,False,0.0,0.0,0.0,0.0,0.0,True,3368_02
Mars,False,TRAPPIST-1e,22.0,True,1166.0,3.0,130.0,0.0,0.0,False,3368_03
Mars,True,TRAPPIST-1e,19.0,False,0.0,0.0,0.0,0.0,0.0,True,3368_04
Earth,True,TRAPPIST-1e,47.0,False,0.0,0.0,0.0,303.05244252873564,0.0,True,3368_05
Mars,False,TRAPPIST-1e,16.0,False,1639.0,0.0,142.0,303.05244252873564,0.0,False,3368_06
Mars,False,TRAPPIST-1e,41.0,False,1545.0,0.0,8.0,0.0,9.0,False,3368_07
Europa,False,TRAPPIST-1e,26.0,False,172.0,7508.0,1698.0,109.0,11333.0,False,3369_01
Earth,True,TRAPPIST-1e,37.0,False,0.0,0.0,0.0,0.0,0.0,True,3373_01
Mars,False,TRAPPIST-1e,26.0,False,493.0,0.0,774.0,9.0,20.0,True,3374_01
Mars,False,TRAPPIST-1e,21.0,False,1693.0,1.0,15.0,0.0,0.0,False,3375_01
Earth,False,PSO J318.5-22,45.0,False,0.0,0.0,1320.0,0.0,3.0,True,3376_01
Earth,False,TRAPPIST-1e,28.0,False,293.0,588.0,0.0,2.0,0.0,False,3378_01
Earth,False,TRAPPIST-1e,26.0,False,1.0,913.0,7.0,0.0,0.0,True,3379_01
Earth,False,TRAPPIST-1e,35.0,False,111.0,420.0,271.0,1.0,0.0,True,3385_01
Europa,False,55 Cancri e,60.0,False,0.0,4230.0,0.0,303.05244252873564,310.71003097450557,True,3388_01
Earth,True,TRAPPIST-1e,7.0,False,0.0,0.0,0.0,0.0,0.0,True,3393_01
Mars,False,55 Cancri e,15.0,False,3859.0,1.0,4410.0,0.0,0.0,False,3398_01
Earth,False,TRAPPIST-1e,26.0,False,1260.0,0.0,0.0,0.0,396.0,False,3399_01
Earth,True,TRAPPIST-1e,38.0,False,0.0,0.0,0.0,0.0,0.0,True,3400_01
Earth,False,TRAPPIST-1e,24.0,False,330.0,47.0,356.0,0.0,0.0,False,3407_01
Earth,False,TRAPPIST-1e,77.0,False,0.0,0.0,64.0,712.0,0.0,False,3407_02
Mars,False,TRAPPIST-1e,22.0,False,446.0,0.0,1630.0,0.0,0.0,True,3411_01
Mars,False,TRAPPIST-1e,22.0,False,1127.0,0.0,2451.0,96.0,0.0,True,3411_02
Mars,False,TRAPPIST-1e,20.0,False,1481.0,0.0,2183.0,24.0,5.0,False,3411_03
Mars,False,TRAPPIST-1e,47.0,False,1696.0,10.0,48.0,0.0,0.0,False,3411_04
Mars,True,TRAPPIST-1e,25.0,False,0.0,0.0,0.0,0.0,310.71003097450557,True,3411_05
Mars,True,TRAPPIST-1e,9.0,False,0.0,0.0,0.0,0.0,0.0,True,3411_06
Mars,False,TRAPPIST-1e,19.0,False,1954.0,0.0,508.0,0.0,0.0,False,3411_07
Earth,False,TRAPPIST-1e,44.0,False,0.0,1.0,574.0,1788.0,0.0,False,3414_01
Europa,False,TRAPPIST-1e,41.0,True,0.0,2872.0,0.0,6386.0,1113.0,False,3416_01
Earth,True,TRAPPIST-1e,53.0,False,0.0,0.0,0.0,0.0,0.0,True,3427_01
Europa,True,TRAPPIST-1e,27.0,False,0.0,0.0,0.0,0.0,0.0,True,3429_01
Earth,False,TRAPPIST-1e,20.0,False,43.0,0.0,9.0,707.0,7.0,False,3435_01
Earth,True,55 Cancri e,23.0,False,0.0,0.0,0.0,0.0,0.0,True,3436_01
Mars,False,TRAPPIST-1e,20.0,False,0.0,0.0,0.0,0.0,0.0,False,3448_01
Mars,False,PSO J318.5-22,28.65814620162446,False,75.0,0.0,1094.0,28.0,0.0,True,3448_02
Earth,False,PSO J318.5-22,51.0,False,0.0,12.0,0.0,0.0,603.0,False,3451_01
Earth,False,TRAPPIST-1e,22.0,False,219.26626936829558,529.0,0.0,175.0,179.0,False,3452_01
Earth,True,55 Cancri e,36.0,False,0.0,0.0,0.0,303.05244252873564,0.0,True,3457_01
Earth,False,TRAPPIST-1e,18.0,False,0.0,0.0,0.0,716.0,0.0,False,3460_01
Earth,False,PSO J318.5-22,19.0,False,6.0,148.0,936.0,0.0,131.0,True,3463_01
Earth,False,TRAPPIST-1e,17.0,False,219.26626936829558,0.0,16.0,4.0,1111.0,False,3466_01
Earth,False,TRAPPIST-1e,29.0,False,47.0,29.0,16.0,3762.0,0.0,False,3471_01
Earth,False,TRAPPIST-1e,18.0,False,1.0,1.0,714.0,0.0,0.0,True,3472_01
Mars,False,TRAPPIST-1e,22.0,False,930.0,0.0,45.0,6307.0,10.0,False,3477_01
Mars,False,55 Cancri e,43.0,False,209.0,1977.0,188.0,6.0,0.0,True,3477_02
Earth,False,PSO J318.5-22,24.0,False,0.0,0.0,93.0,506.0,174.0,False,3479_01
Mars,False,TRAPPIST-1e,25.0,False,1253.0,0.0,379.0,966.0,0.0,False,3481_01
Earth,False,TRAPPIST-1e,20.0,False,2.0,6.0,7.0,0.0,2413.0,False,3482_01
Earth,True,TRAPPIST-1e,23.0,False,0.0,0.0,0.0,0.0,0.0,True,3482_02
Earth,False,TRAPPIST-1e,32.0,False,0.0,1001.0,8.0,0.0,0.0,True,3493_01
Europa,False,TRAPPIST-1e,51.0,False,0.0,526.0,0.0,4467.0,138.0,False,3494_01
Europa,False,TRAPPIST-1e,22.0,False,1.0,3748.0,2718.0,217.0,11.0,True,3494_02
Earth,False,PSO J318.5-22,22.0,False,674.0,0.0,0.0,11.0,0.0,False,3498_01
Earth,False,PSO J318.5-22,30.0,False,37.0,938.0,1.0,472.0,0.0,False,3500_01
Earth,False,TRAPPIST-1e,23.0,False,337.0,14.0,0.0,884.0,0.0,False,3502_01
Earth,False,TRAPPIST-1e,61.0,False,5.0,740.0,0.0,47.0,0.0,True,3503_01
Earth,False,TRAPPIST-1e,24.0,False,0.0,0.0,0.0,0.0,645.0,False,3505_01
Earth,False,TRAPPIST-1e,19.0,False,0.0,810.0,0.0,77.0,62.0,False,3507_01
Earth,False,TRAPPIST-1e,27.0,False,0.0,599.0,2751.0,684.0,518.0,True,3508_01
Europa,False,TRAPPIST-1e,29.0,True,0.0,3285.0,0.0,0.0,8.0,True,3508_02
Europa,True,55 Cancri e,55.0,False,0.0,0.0,0.0,0.0,0.0,True,3509_01
Europa,False,TRAPPIST-1e,26.0,False,0.0,11143.0,0.0,628.0,6076.0,False,3509_02
Earth,True,55 Cancri e,58.0,False,0.0,0.0,0.0,0.0,0.0,True,3510_01
Europa,True,55 Cancri e,60.0,False,0.0,0.0,0.0,0.0,0.0,True,3513_01
Europa,True,TRAPPIST-1e,13.0,False,0.0,0.0,0.0,0.0,0.0,True,3513_02
Europa,False,55 Cancri e,39.0,True,0.0,3376.0,0.0,2287.0,0.0,False,3513_03
Europa,True,55 Cancri e,35.0,False,0.0,0.0,0.0,0.0,0.0,True,3513_04
Earth,False,TRAPPIST-1e,21.0,False,0.0,0.0,0.0,922.0,0.0,False,3516_01
Earth,False,TRAPPIST-1e,37.0,False,1.0,6.0,1072.0,0.0,0.0,True,3517_01
Earth,True,PSO J318.5-22,31.0,False,0.0,0.0,0.0,0.0,0.0,True,3522_01
Earth,False,TRAPPIST-1e,20.0,False,136.0,0.0,15.0,419.0,0.0,False,3524_01
Mars,False,TRAPPIST-1e,27.0,False,1023.0,531.0,245.0,734.0,65.0,False,3526_01
Mars,True,TRAPPIST-1e,40.0,False,0.0,0.0,0.0,0.0,0.0,True,3529_01
Mars,True,TRAPPIST-1e,28.65814620162446,False,0.0,0.0,0.0,0.0,0.0,True,3532_01
Europa,False,55 Cancri e,36.0,False,0.0,2384.0,0.0,10232.0,243.0,False,3538_01
Earth,False,TRAPPIST-1e,19.0,False,0.0,0.0,223.0,0.0,769.0,False,3541_01
Earth,False,PSO J318.5-22,22.0,False,0.0,0.0,282.0,407.0,0.0,False,3544_01
Earth,False,TRAPPIST-1e,15.0,False,28.0,1.0,806.0,0.0,57.0,True,3544_02
Earth,False,55 Cancri e,18.0,False,67.0,8.0,1188.0,667.0,0.0,False,3545_01
Europa,False,TRAPPIST-1e,25.0,False,55.0,173.0,5.0,3769.0,103.0,False,3549_01
Europa,True,TRAPPIST-1e,62.0,False,0.0,0.0,0.0,0.0,0.0,True,3549_02
Earth,False,TRAPPIST-1e,53.0,False,42.0,0.0,0.0,25.0,742.0,False,3551_01
Earth,False,55 Cancri e,28.65814620162446,False,496.0,0.0,2.0,205.0,0.0,False,3554_01
Earth,False,TRAPPIST-1e,19.0,False,1194.0,4.0,21.0,0.0,223.0,False,3557_01
Earth,True,PSO J318.5-22,21.0,False,0.0,0.0,0.0,0.0,0.0,True,3571_01
Earth,False,TRAPPIST-1e,20.0,False,82.0,503.0,69.0,94.0,24.0,False,3574_01
Europa,False,55 Cancri e,56.0,False,977.0,806.0,0.0,3744.0,361.0,False,3575_01
Europa,False,55 Cancri e,64.0,False,0.0,2404.0,9.0,0.0,77.0,True,3580_01
Europa,True,TRAPPIST-1e,28.65814620162446,False,0.0,0.0,0.0,0.0,0.0,True,3580_02
Europa,False,TRAPPIST-1e,36.0,False,3635.0,804.0,0.0,3.0,100.0,False,3581_01
Mars,False,TRAPPIST-1e,51.0,False,914.0,140.0,2.0,0.0,0.0,False,3583_01
Earth,True,PSO J318.5-22,16.0,False,0.0,0.0,177.29552524527398,0.0,0.0,True,3585_01
Earth,True,55 Cancri e,21.0,False,0.0,0.0,0.0,0.0,0.0,True,3587_01
Earth,False,55 Cancri e,50.0,False,793.0,0.0,0.0,1.0,0.0,False,3587_02
Earth,False,TRAPPIST-1e,0.0,False,0.0,0.0,0.0,0.0,0.0,True,3587_03
Earth,False,TRAPPIST-1e,34.0,False,1043.0,0.0,70.0,744.0,0.0,False,3589_01
Earth,True,TRAPPIST-1e,3.0,False,0.0,439.4842963318149,0.0,0.0,0.0,True,3589_02
Earth,True,PSO J318.5-22,11.0,False,0.0,0.0,0.0,0.0,0.0,True,3589_03
Earth,True,PSO J318.5-22,5.0,False,0.0,0.0,0.0,0.0,0.0,True,3589_04
Earth,False,TRAPPIST-1e,47.0,False,1.0,439.4842963318149,0.0,302.0,0.0,False,3589_05
Earth,True,TRAPPIST-1e,1.0,False,0.0,0.0,0.0,0.0,0.0,True,3589_06
Earth,True,TRAPPIST-1e,0.0,False,0.0,0.0,0.0,0.0,0.0,True,3589_07
Earth,False,TRAPPIST-1e,23.0,False,0.0,4.0,737.0,309.0,558.0,False,3590_01
Europa,False,TRAPPIST-1e,27.0,False,0.0,3354.0,23.0,220.0,877.0,True,3593_01
Earth,False,TRAPPIST-1e,46.0,False,48.0,856.0,0.0,0.0,4.0,True,3599_01
Earth,False,TRAPPIST-1e,34.0,False,270.0,0.0,56.0,549.0,13.0,False,3601_01
Earth,False,55 Cancri e,2.0,False,0.0,0.0,0.0,0.0,0.0,True,3601_02
Earth,True,TRAPPIST-1e,11.0,False,0.0,0.0,0.0,0.0,0.0,True,3601_03
Earth,False,55 Cancri e,1.0,False,0.0,0.0,0.0,0.0,0.0,True,3601_04
Earth,True,TRAPPIST-1e,13.0,False,0.0,0.0,0.0,0.0,0.0,True,3601_05
Earth,False,TRAPPIST-1e,41.0,False,0.0,18.0,50.0,1317.0,0.0,False,3601_06
Earth,False,55 Cancri e,11.0,False,0.0,0.0,0.0,0.0,0.0,True,3601_07
Mars,True,TRAPPIST-1e,52.0,False,0.0,0.0,0.0,0.0,0.0,True,3603_01
Mars,True,TRAPPIST-1e,15.0,False,0.0,0.0,0.0,0.0,0.0,True,3603_02
Earth,True,TRAPPIST-1e,58.0,False,0.0,0.0,0.0,303.05244252873564,0.0,True,3604_01
Earth,False,TRAPPIST-1e,23.0,False,0.0,414.0,0.0,1.0,286.0,False,3611_01
Earth,False,TRAPPIST-1e,34.0,False,0.0,461.0,0.0,0.0,424.0,False,3617_01
Earth,False,TRAPPIST-1e,9.0,False,0.0,0.0,0.0,0.0,0.0,True,3617_02
Earth,False,TRAPPIST-1e,25.0,False,12.0,1.0,0.0,1045.0,33.0,False,3617_03
Europa,True,55 Cancri e,38.0,False,0.0,0.0,0.0,0.0,0.0,True,3618_01
Europa,False,55 Cancri e,42.0,True,0.0,2227.0,76.0,2140.0,5513.0,False,3618_02
Europa,False,TRAPPIST-1e,40.0,False,219.26626936829558,4223.0,0.0,0.0,14.0,True,3618_03
Europa,False,TRAPPIST-1e,18.0,False,244.0,256.0,0.0,2675.0,89.0,False,3618_04
Mars,False,TRAPPIST-1e,42.0,False,1853.0,7.0,37.0,0.0,0.0,False,3621_01
Mars,False,TRAPPIST-1e,40.0,False,1114.0,0.0,193.0,0.0,1.0,False,3621_02
Earth,False,TRAPPIST-1e,28.0,False,0.0,0.0,949.0,0.0,0.0,True,3623_01
Europa,False,TRAPPIST-1e,56.0,False,0.0,7748.0,0.0,0.0,1.0,True,3627_01
Earth,False,TRAPPIST-1e,22.0,False,9.0,0.0,485.0,0.0,272.0,False,3632_01
Mars,False,TRAPPIST-1e,39.0,False,0.0,0.0,0.0,0.0,0.0,False,3633_01
Earth,True,55 Cancri e,35.0,False,0.0,0.0,0.0,0.0,0.0,True,3635_01
Earth,False,TRAPPIST-1e,36.0,False,504.0,49.0,0.0,87.0,83.0,False,3635_02
Mars,False,TRAPPIST-1e,34.0,False,1604.0,309.0,1.0,0.0,236.0,False,3637_01
Earth,False,TRAPPIST-1e,22.0,False,768.0,0.0,0.0,0.0,38.0,False,3638_01
Earth,True,TRAPPIST-1e,21.0,False,0.0,0.0,0.0,0.0,0.0,True,3643_01
Europa,False,TRAPPIST-1e,16.0,False,7.0,1879.0,0.0,28.0,2186.0,False,3646_01
Europa,False,TRAPPIST-1e,35.0,False,0.0,7595.0,32.0,0.0,2922.0,False,3646_02
Mars,False,TRAPPIST-1e,19.0,False,89.0,0.0,453.0,686.0,0.0,False,3649_01
Europa,True,TRAPPIST-1e,36.0,False,0.0,0.0,0.0,0.0,0.0,True,3651_01
Europa,False,55 Cancri e,32.0,False,0.0,2802.0,0.0,21.0,360.0,True,3656_01
Europa,False,TRAPPIST-1e,69.0,False,0.0,300.0,0.0,1966.0,93.0,False,3656_02
Europa,True,55 Cancri e,44.0,False,0.0,0.0,0.0,0.0,0.0,True,3657_01
Europa,True,55 Cancri e,34.0,False,0.0,0.0,0.0,0.0,0.0,True,3657_02
Europa,False,TRAPPIST-1e,35.0,False,0.0,5138.0,0.0,720.0,2243.0,False,3657_03
Earth,False,TRAPPIST-1e,25.0,False,0.0,1412.0,0.0,9.0,279.0,False,3659_01
Earth,True,TRAPPIST-1e,3.0,False,0.0,0.0,0.0,0.0,0.0,True,3659_02
Earth,False,PSO J318.5-22,12.0,False,0.0,0.0,0.0,0.0,0.0,True,3659_03
Earth,False,TRAPPIST-1e,3.0,False,0.0,0.0,0.0,0.0,0.0,True,3659_04
Earth,False,TRAPPIST-1e,13.0,False,1014.0,0.0,917.0,0.0,43.0,False,3659_05
Earth,False,TRAPPIST-1e,26.0,False,0.0,29.0,855.0,0.0,0.0,True,3659_06
Earth,True,PSO J318.5-22,2.0,False,0.0,0.0,0.0,0.0,0.0,True,3659_07
Mars,False,TRAPPIST-1e,25.0,False,883.0,0.0,266.0,0.0,0.0,False,3661_01
Mars,True,TRAPPIST-1e,19.0,False,0.0,0.0,0.0,0.0,0.0,True,3663_01
Earth,True,55 Cancri e,33.0,False,0.0,0.0,0.0,303.05244252873564,0.0,True,3666_01
Earth,False,55 Cancri e,41.0,False,184.0,2.0,415.0,0.0,36.0,True,3669_01
Earth,True,PSO J318.5-22,55.0,False,0.0,0.0,0.0,0.0,0.0,True,3670_01
Earth,False,55 Cancri e,30.0,False,433.0,0.0,47.0,0.0,252.0,False,3672_01
Earth,False,PSO J318.5-22,35.0,False,320.0,10.0,177.29552524527398,9.0,0.0,False,3672_02
Earth,False,TRAPPIST-1e,7.0,False,0.0,0.0,0.0,0.0,0.0,True,3673_01
Earth,False,TRAPPIST-1e,38.0,False,84.0,0.0,626.0,0.0,0.0,True,3675_01
Earth,True,PSO J318.5-22,51.0,False,0.0,0.0,0.0,0.0,0.0,True,3675_02
Earth,True,TRAPPIST-1e,18.0,False,0.0,0.0,0.0,0.0,0.0,True,3675_03
Europa,True,TRAPPIST-1e,44.0,False,0.0,0.0,0.0,0.0,0.0,True,3676_01
Europa,True,TRAPPIST-1e,18.0,False,0.0,0.0,0.0,0.0,0.0,True,3683_01
Europa,True,TRAPPIST-1e,13.0,False,0.0,0.0,0.0,0.0,0.0,True,3683_02
Earth,True,TRAPPIST-1e,49.0,False,0.0,0.0,0.0,0.0,0.0,True,3684_01
Earth,False,TRAPPIST-1e,8.0,False,0.0,0.0,0.0,0.0,0.0,False,3684_02
Earth,False,TRAPPIST-1e,22.0,False,0.0,522.0,130.0,59.0,0.0,False,3685_01
Europa,False,55 Cancri e,32.0,False,0.0,9596.0,36.0,364.0,2.0,True,3687_01
Mars,False,TRAPPIST-1e,28.65814620162446,False,1110.0,766.0,0.0,0.0,0.0,False,3689_01
Earth,True,55 Cancri e,56.0,False,0.0,0.0,0.0,0.0,0.0,True,3694_01
Mars,False,55 Cancri e,18.0,False,1757.0,0.0,177.29552524527398,0.0,0.0,False,3695_01
Mars,True,TRAPPIST-1e,27.0,False,0.0,0.0,0.0,0.0,0.0,True,3696_01
Earth,False,TRAPPIST-1e,46.0,False,0.0,1.0,18.0,770.0,0.0,False,3697_01
Earth,False,TRAPPIST-1e,18.0,False,0.0,0.0,63.0,0.0,677.0,False,3698_01
Europa,True,TRAPPIST-1e,30.0,False,0.0,0.0,0.0,0.0,0.0,True,3701_01
Europa,False,55 Cancri e,35.0,False,2439.0,5172.0,0.0,43.0,17.0,True,3701_02
Europa,True,TRAPPIST-1e,48.0,False,0.0,0.0,0.0,0.0,0.0,True,3701_03
Earth,True,55 Cancri e,33.0,False,0.0,0.0,0.0,0.0,0.0,True,3709_01
Earth,True,55 Cancri e,0.0,False,0.0,0.0,0.0,0.0,0.0,True,3712_01
Earth,True,55 Cancri e,11.0,False,0.0,0.0,0.0,0.0,0.0,True,3712_02
Earth,True,TRAPPIST-1e,0.0,False,0.0,0.0,0.0,0.0,0.0,True,3712_03
Earth,False,TRAPPIST-1e,14.0,False,0.0,853.0,0.0,11.0,0.0,True,3712_04
Earth,True,PSO J318.5-22,9.0,False,0.0,0.0,0.0,0.0,0.0,True,3712_05
Earth,False,TRAPPIST-1e,37.0,False,186.0,0.0,16.0,584.0,0.0,False,3717_01
Earth,True,TRAPPIST-1e,30.0,False,0.0,0.0,0.0,0.0,0.0,True,3717_02
Mars,True,TRAPPIST-1e,21.0,False,0.0,0.0,0.0,0.0,0.0,True,3718_01
Mars,True,TRAPPIST-1e,32.0,False,0.0,0.0,0.0,0.0,0.0,True,3720_01
Mars,False,TRAPPIST-1e,4.0,False,0.0,0.0,0.0,0.0,0.0,True,3720_02
Mars,True,TRAPPIST-1e,19.0,False,0.0,0.0,0.0,0.0,0.0,True,3720_03
Mars,False,TRAPPIST-1e,25.0,True,2751.0,0.0,354.0,0.0,68.0,False,3721_01
Earth,False,TRAPPIST-1e,34.0,False,281.0,0.0,352.0,8.0,243.0,False,3722_01
Earth,False,TRAPPIST-1e,19.0,False,7.0,568.0,17.0,54.0,1.0,False,3723_01
Earth,True,PSO J318.5-22,18.0,False,0.0,0.0,0.0,0.0,0.0,True,3725_01
Earth,False,PSO J318.5-22,23.0,False,0.0,0.0,0.0,37.0,463.0,False,3727_01
Mars,True,TRAPPIST-1e,53.0,False,0.0,0.0,0.0,0.0,0.0,True,3730_01
Earth,True,PSO J318.5-22,13.0,False,0.0,0.0,0.0,0.0,0.0,True,3731_01
Earth,False,TRAPPIST-1e,20.0,False,0.0,1476.0,2.0,0.0,2.0,True,3738_01
Earth,False,TRAPPIST-1e,34.0,False,529.0,22.0,1.0,0.0,251.0,False,3740_01
Earth,False,TRAPPIST-1e,18.0,False,388.0,0.0,631.0,1.0,4.0,True,3746_01
Earth,False,TRAPPIST-1e,0.0,False,0.0,0.0,0.0,0.0,310.71003097450557,False,3746_02
Earth,True,TRAPPIST-1e,35.0,False,0.0,0.0,0.0,0.0,0.0,True,3746_03
Earth,True,TRAPPIST-1e,0.0,False,0.0,0.0,0.0,0.0,0.0,True,3746_04
Earth,False,TRAPPIST-1e,62.0,False,355.0,0.0,869.0,0.0,74.0,False,3762_01
Earth,False,55 Cancri e,15.0,False,0.0,0.0,0.0,718.0,0.0,False,3763_01
Earth,True,TRAPPIST-1e,28.0,False,0.0,0.0,0.0,0.0,0.0,True,3764_01
Earth,True,TRAPPIST-1e,5.0,False,0.0,0.0,0.0,0.0,0.0,True,3764_02
Europa,True,TRAPPIST-1e,22.0,False,0.0,0.0,0.0,0.0,0.0,True,3766_01
Europa,True,TRAPPIST-1e,14.0,False,0.0,0.0,0.0,0.0,0.0,True,3766_02
Mars,True,55 Cancri e,43.0,False,0.0,0.0,0.0,0.0,0.0,True,3780_01
Mars,False,TRAPPIST-1e,24.0,False,801.0,439.4842963318149,1275.0,0.0,0.0,False,3782_01
Mars,False,TRAPPIST-1e,65.0,False,5900.0,0.0,17.0,0.0,0.0,False,3782_02
Europa,False,TRAPPIST-1e,44.0,False,0.0,1440.0,64.0,6289.0,0.0,False,3791_01
Earth,True,TRAPPIST-1e,50.0,False,0.0,0.0,0.0,0.0,0.0,True,3792_01
Earth,True,PSO J318.5-22,15.0,False,0.0,0.0,0.0,0.0,0.0,True,3794_01
Earth,False,TRAPPIST-1e,18.0,False,219.26626936829558,17.0,663.0,0.0,108.0,True,3799_01
Europa,False,55 Cancri e,41.0,False,0.0,3306.0,0.0,143.0,2334.0,False,3800_01
Earth,False,TRAPPIST-1e,21.0,False,136.0,0.0,3.0,0.0,1206.0,False,3802_01
Earth,True,PSO J318.5-22,16.0,False,0.0,0.0,0.0,0.0,0.0,True,3806_01
Earth,False,TRAPPIST-1e,21.0,False,0.0,1059.0,14.0,79.0,0.0,True,3808_01
Earth,False,TRAPPIST-1e,29.0,False,0.0,18.0,0.0,851.0,60.0,False,3809_01
Earth,False,TRAPPIST-1e,19.0,False,0.0,0.0,0.0,0.0,0.0,False,3809_02
Earth,True,TRAPPIST-1e,18.0,False,0.0,0.0,0.0,0.0,0.0,True,3813_01
Earth,False,55 Cancri e,25.0,False,7.0,0.0,87.0,0.0,678.0,False,3819_01
Earth,False,TRAPPIST-1e,45.0,False,438.0,294.0,42.0,0.0,133.0,False,3825_01
Earth,False,55 Cancri e,32.0,False,0.0,532.0,103.0,762.0,3.0,False,3827_01
Europa,False,TRAPPIST-1e,33.0,False,4.0,6733.0,0.0,14.0,19.0,True,3828_01
Europa,False,TRAPPIST-1e,28.65814620162446,False,4069.0,74.0,0.0,750.0,25.0,False,3828_02
Europa,False,55 Cancri e,24.0,False,0.0,0.0,0.0,0.0,0.0,True,3828_03
Earth,False,55 Cancri e,29.0,False,1.0,351.0,0.0,283.0,0.0,False,3829_01
Earth,False,TRAPPIST-1e,24.0,False,0.0,734.0,0.0,2.0,2.0,True,3829_02
Mars,True,55 Cancri e,22.0,False,0.0,0.0,0.0,0.0,0.0,True,3833_01
Earth,True,PSO J318.5-22,18.0,False,0.0,0.0,0.0,0.0,0.0,True,3834_01
Earth,False,TRAPPIST-1e,16.0,False,28.0,240.0,0.0,0.0,1170.0,False,3837_01
Earth,False,TRAPPIST-1e,17.0,False,0.0,0.0,177.29552524527398,0.0,2604.0,False,3840_01
Earth,False,TRAPPIST-1e,18.0,False,1.0,648.0,0.0,0.0,0.0,True,3843_01
Europa,False,55 Cancri e,25.0,False,0.0,215.0,1583.0,541.0,104.0,True,3844_01
Europa,False,55 Cancri e,46.0,False,219.26626936829558,6669.0,233.0,90.0,92.0,True,3844_02
Earth,False,TRAPPIST-1e,36.0,False,0.0,612.0,7.0,0.0,8.0,True,3845_01
Mars,True,PSO J318.5-22,62.0,False,0.0,0.0,0.0,0.0,0.0,True,3855_01
Europa,True,TRAPPIST-1e,48.0,False,0.0,0.0,0.0,0.0,0.0,True,3858_01
Europa,True,TRAPPIST-1e,16.0,False,0.0,0.0,0.0,0.0,0.0,True,3858_02
Europa,False,TRAPPIST-1e,27.0,False,0.0,1536.0,0.0,45.0,3104.0,False,3858_03
Europa,False,TRAPPIST-1e,52.0,False,0.0,2583.0,0.0,537.0,2722.0,False,3858_04
Mars,True,TRAPPIST-1e,25.0,False,0.0,0.0,0.0,0.0,0.0,True,3859_01
Mars,False,55 Cancri e,13.0,False,4.0,439.4842963318149,3129.0,0.0,0.0,True,3860_01
Mars,False,TRAPPIST-1e,35.0,False,443.0,0.0,345.0,601.0,0.0,False,3861_01
Earth,False,TRAPPIST-1e,20.0,False,0.0,122.0,320.0,56.0,217.0,False,3863_01
Earth,True,PSO J318.5-22,42.0,False,0.0,0.0,0.0,0.0,0.0,True,3865_01
Mars,True,TRAPPIST-1e,50.0,False,0.0,0.0,0.0,0.0,0.0,True,3869_01
Europa,True,TRAPPIST-1e,66.0,False,0.0,0.0,0.0,303.05244252873564,0.0,True,3876_01
Europa,False,TRAPPIST-1e,31.0,False,0.0,1249.0,0.0,303.05244252873564,959.0,False,3876_02
Europa,True,55 Cancri e,37.0,False,0.0,0.0,0.0,0.0,0.0,True,3876_03
Earth,False,TRAPPIST-1e,72.0,False,3.0,140.0,0.0,1.0,1004.0,False,3877_01
Mars,False,55 Cancri e,30.0,False,1479.0,0.0,772.0,541.0,310.71003097450557,False,3878_01
Earth,False,TRAPPIST-1e,29.0,False,0.0,223.0,569.0,0.0,0.0,True,3880_01
Earth,False,55 Cancri e,21.0,False,620.0,190.0,0.0,0.0,0.0,False,3881_01
Mars,True,55 Cancri e,33.0,False,0.0,0.0,0.0,0.0,0.0,True,3882_01
Europa,False,TRAPPIST-1e,28.0,False,0.0,182.0,0.0,991.0,1297.0,False,3884_01
Earth,False,TRAPPIST-1e,41.0,False,0.0,125.0,0.0,0.0,1397.0,False,3885_01
Europa,False,55 Cancri e,44.0,False,0.0,7271.0,0.0,14.0,0.0,True,3887_01
Europa,False,TRAPPIST-1e,45.0,False,0.0,2400.0,1.0,1675.0,3.0,False,3889_01
Europa,False,55 Cancri e,61.0,False,0.0,2234.0,0.0,16.0,2019.0,False,3889_02
Earth,False,TRAPPIST-1e,21.0,False,24.0,778.0,0.0,6.0,0.0,True,3891_01
Earth,True,TRAPPIST-1e,25.0,False,0.0,0.0,0.0,0.0,0.0,True,3892_01
Earth,False,TRAPPIST-1e,38.0,False,1542.0,0.0,9.0,0.0,1.0,False,3892_02
Mars,False,TRAPPIST-1e,68.0,False,2466.0,0.0,205.0,0.0,0.0,False,3893_01
Mars,False,55 Cancri e,0.0,False,0.0,0.0,0.0,0.0,310.71003097450557,True,3893_02
Mars,False,TRAPPIST-1e,21.0,False,1380.0,0.0,27.0,0.0,15.0,False,3893_03
Earth,False,TRAPPIST-1e,55.0,False,0.0,0.0,0.0,6.0,788.0,False,3900_01
Earth,False,TRAPPIST-1e,60.0,False,321.0,12.0,2081.0,0.0,0.0,True,3901_01
Mars,True,TRAPPIST-1e,19.0,False,0.0,0.0,0.0,0.0,0.0,True,3902_01
Earth,True,PSO J318.5-22,17.0,False,0.0,0.0,0.0,0.0,0.0,True,3905_01
Earth,False,TRAPPIST-1e,16.0,False,26.0,226.0,0.0,4146.0,8.0,False,3906_01
Earth,False,TRAPPIST-1e,29.0,False,247.0,0.0,10.0,37.0,409.0,False,3906_02
Earth,False,TRAPPIST-1e,29.0,False,134.0,817.0,504.0,122.0,0.0,True,3908_01
Earth,False,TRAPPIST-1e,0.0,False,0.0,0.0,0.0,0.0,0.0,True,3908_02
Earth,True,PSO J318.5-22,15.0,False,0.0,0.0,0.0,0.0,0.0,True,3910_01
Earth,False,TRAPPIST-1e,27.0,False,578.0,439.4842963318149,177.29552524527398,286.0,0.0,False,3914_01
Earth,False,TRAPPIST-1e,24.0,False,219.26626936829558,0.0,0.0,11.0,897.0,False,3918_01
Earth,False,55 Cancri e,14.0,False,0.0,105.0,13.0,14.0,534.0,False,3920_01
Mars,False,TRAPPIST-1e,17.0,False,5862.0,0.0,15.0,39.0,0.0,False,3925_01
Mars,False,TRAPPIST-1e,37.0,False,1039.0,0.0,887.0,210.0,86.0,False,3925_02
Earth,False,55 Cancri e,23.0,False,0.0,0.0,693.0,0.0,0.0,True,3929_01
Mars,True,TRAPPIST-1e,17.0,False,0.0,0.0,0.0,0.0,0.0,True,3934_01
Mars,False,TRAPPIST-1e,33.0,False,16.0,796.0,130.0,356.0,0.0,False,3934_02
Earth,False,TRAPPIST-1e,30.0,False,0.0,4.0,879.0,0.0,0.0,True,3943_01
Earth,True,TRAPPIST-1e,20.0,False,0.0,0.0,0.0,0.0,0.0,True,3943_02
Earth,False,TRAPPIST-1e,28.65814620162446,False,715.0,439.4842963318149,0.0,81.0,7.0,False,3943_03
Earth,False,TRAPPIST-1e,25.0,False,614.0,230.0,0.0,35.0,0.0,False,3947_01
Earth,False,TRAPPIST-1e,19.0,False,3.0,52.0,0.0,12.0,649.0,False,3951_01
Earth,True,TRAPPIST-1e,31.0,False,0.0,0.0,0.0,0.0,0.0,True,3953_01
Earth,False,TRAPPIST-1e,23.0,False,174.0,467.0,3.0,0.0,0.0,False,3956_01
Earth,True,TRAPPIST-1e,29.0,False,0.0,0.0,0.0,0.0,0.0,True,3957_01
Earth,False,TRAPPIST-1e,20.0,False,610.0,439.4842963318149,249.0,0.0,0.0,False,3965_01
Earth,False,TRAPPIST-1e,26.0,False,0.0,0.0,0.0,745.0,0.0,False,3969_01
Europa,True,55 Cancri e,26.0,False,0.0,0.0,0.0,0.0,0.0,True,3972_01
Earth,False,PSO J318.5-22,51.0,False,292.0,215.0,46.0,26.0,92.0,False,3975_01
Mars,False,TRAPPIST-1e,28.65814620162446,False,15.0,0.0,654.0,65.0,1.0,True,3978_01
Earth,False,TRAPPIST-1e,17.0,False,59.0,154.0,0.0,177.0,6495.0,False,3979_01
Earth,False,TRAPPIST-1e,22.0,False,23.0,22.0,3.0,0.0,1078.0,False,3982_01
Earth,False,TRAPPIST-1e,31.0,False,574.0,288.0,4.0,0.0,42.0,False,3983_01
Earth,True,TRAPPIST-1e,2.0,False,0.0,0.0,0.0,0.0,0.0,True,3989_01
Earth,True,55 Cancri e,0.0,False,0.0,0.0,0.0,0.0,0.0,True,3989_02
Earth,False,TRAPPIST-1e,3.0,False,0.0,439.4842963318149,0.0,0.0,0.0,True,3989_03
Earth,False,PSO J318.5-22,28.0,False,0.0,632.0,48.0,0.0,2.0,False,3989_04
Earth,True,55 Cancri e,21.0,False,0.0,0.0,0.0,0.0,0.0,True,3990_01
Earth,False,TRAPPIST-1e,15.0,False,854.0,22.0,0.0,0.0,654.0,False,3993_01
Earth,False,TRAPPIST-1e,18.0,False,48.0,0.0,30.0,519.0,92.0,False,4004_01
Europa,False,55 Cancri e,52.0,False,0.0,10.0,0.0,178.0,2195.0,False,4007_01
Europa,False,55 Cancri e,49.0,False,0.0,3227.0,0.0,503.0,123.0,True,4011_01
Europa,False,55 Cancri e,42.0,False,0.0,7000.0,8251.0,1523.0,0.0,True,4012_01
Europa,True,TRAPPIST-1e,28.0,False,0.0,0.0,0.0,0.0,0.0,True,4012_02
Mars,True,TRAPPIST-1e,31.0,False,0.0,0.0,0.0,0.0,0.0,True,4015_01
Mars,False,TRAPPIST-1e,19.0,False,172.0,1.0,545.0,236.0,0.0,True,4015_02
Europa,False,55 Cancri e,41.0,False,0.0,20229.0,52.0,50.0,2944.0,False,4024_01
Earth,False,TRAPPIST-1e,31.0,False,0.0,0.0,2089.0,0.0,1.0,True,4025_01
Earth,False,TRAPPIST-1e,13.0,False,0.0,0.0,888.0,0.0,1.0,True,4028_01
Mars,True,TRAPPIST-1e,35.0,False,0.0,0.0,0.0,0.0,0.0,True,4029_01
Earth,True,TRAPPIST-1e,29.0,False,0.0,0.0,0.0,0.0,0.0,True,4041_01
Mars,False,TRAPPIST-1e,0.0,False,0.0,0.0,0.0,0.0,0.0,True,4048_01
Mars,True,TRAPPIST-1e,19.0,False,0.0,0.0,0.0,0.0,0.0,True,4048_02
Mars,False,TRAPPIST-1e,28.65814620162446,False,0.0,0.0,0.0,0.0,0.0,False,4048_03
Earth,True,TRAPPIST-1e,19.0,False,0.0,0.0,0.0,0.0,0.0,True,4051_01
Earth,False,TRAPPIST-1e,26.0,False,6.0,5903.0,0.0,240.0,72.0,True,4052_01
Europa,True,TRAPPIST-1e,47.0,False,0.0,0.0,0.0,0.0,0.0,True,4054_01
Europa,False,TRAPPIST-1e,29.0,False,0.0,6901.0,232.0,2.0,0.0,True,4054_02
Europa,False,TRAPPIST-1e,46.0,False,793.0,830.0,60.0,644.0,0.0,False,4054_03
Earth,False,TRAPPIST-1e,18.0,False,0.0,0.0,37.0,621.0,1.0,False,4056_01
Mars,False,TRAPPIST-1e,33.0,False,268.0,0.0,1746.0,0.0,663.0,False,4057_01
Europa,False,55 Cancri e,20.0,False,0.0,0.0,0.0,0.0,0.0,True,4059_01
Europa,False,TRAPPIST-1e,37.0,False,0.0,2288.0,0.0,1424.0,1568.0,False,4059_02
Earth,False,55 Cancri e,35.0,False,180.0,16954.0,171.0,6251.0,8255.0,False,4062_01
Earth,False,TRAPPIST-1e,25.0,False,0.0,583.0,0.0,8.0,36.0,False,4067_01
Europa,True,TRAPPIST-1e,22.0,False,0.0,0.0,0.0,0.0,0.0,True,4070_01
Europa,True,55 Cancri e,47.0,False,0.0,0.0,0.0,303.05244252873564,0.0,True,4070_02
Europa,False,55 Cancri e,31.0,False,0.0,4734.0,0.0,1396.0,136.0,True,4070_03
Earth,False,TRAPPIST-1e,27.0,False,0.0,0.0,2.0,781.0,91.0,False,4073_01
Earth,True,TRAPPIST-1e,47.0,False,0.0,0.0,0.0,0.0,0.0,True,4073_02
Earth,False,TRAPPIST-1e,46.0,False,1.0,7.0,24.0,286.0,372.0,False,4074_01
Europa,False,55 Cancri e,47.0,False,0.0,375.0,1.0,2284.0,2821.0,False,4077_01
Earth,False,TRAPPIST-1e,40.0,False,0.0,749.0,134.0,0.0,0.0,True,4085_01
Earth,False,TRAPPIST-1e,39.0,False,0.0,164.0,177.29552524527398,372.0,91.0,False,4086_01
Earth,True,TRAPPIST-1e,39.0,False,0.0,439.4842963318149,0.0,0.0,0.0,True,4086_02
Earth,False,TRAPPIST-1e,35.0,False,0.0,701.0,0.0,8.0,0.0,True,4086_03
Earth,False,55 Cancri e,43.0,False,29.0,677.0,0.0,1.0,9.0,False,4087_01
Earth,False,TRAPPIST-1e,38.0,False,4.0,876.0,3.0,0.0,4.0,True,4088_01
Earth,True,PSO J318.5-22,31.0,False,0.0,0.0,0.0,0.0,0.0,True,4092_01
Europa,False,TRAPPIST-1e,20.0,False,0.0,86.0,71.0,4695.0,16.0,False,4094_01
Europa,False,55 Cancri e,44.0,False,1247.0,583.0,0.0,7068.0,132.0,False,4094_02
Europa,False,55 Cancri e,25.0,False,3.0,6315.0,103.0,90.0,0.0,True,4100_01
Earth,False,TRAPPIST-1e,25.0,False,0.0,0.0,759.0,5.0,24.0,True,4105_01
Earth,True,55 Cancri e,20.0,False,0.0,0.0,177.29552524527398,0.0,0.0,True,4111_01
Mars,False,TRAPPIST-1e,33.0,False,634.0,0.0,611.0,44.0,0.0,False,4117_01
Mars,False,PSO J318.5-22,58.0,False,21.0,2.0,461.0,744.0,5.0,False,4118_01
Earth,False,TRAPPIST-1e,23.0,False,0.0,896.0,0.0,303.05244252873564,47.0,False,4119_01
Europa,False,TRAPPIST-1e,35.0,False,310.0,9058.0,0.0,12437.0,37.0,False,4121_01
Earth,False,TRAPPIST-1e,13.0,False,0.0,16.0,1353.0,44.0,206.0,True,4122_01
Earth,False,TRAPPIST-1e,21.0,False,1074.0,145.0,0.0,309.0,80.0,False,4123_01
Earth,True,PSO J318.5-22,20.0,False,0.0,439.4842963318149,0.0,0.0,0.0,True,4124_01
Earth,False,TRAPPIST-1e,15.0,False,25.0,0.0,0.0,5.0,3295.0,False,4126_01
Mars,True,TRAPPIST-1e,48.0,False,0.0,0.0,0.0,0.0,0.0,True,4133_01
Mars,True,TRAPPIST-1e,58.0,False,0.0,0.0,0.0,0.0,0.0,True,4133_02
Europa,True,55 Cancri e,25.0,False,0.0,0.0,0.0,303.05244252873564,0.0,True,4136_01
Europa,False,TRAPPIST-1e,43.0,False,324.0,1286.0,0.0,2347.0,342.0,False,4136_02
Earth,False,TRAPPIST-1e,53.0,False,43.0,0.0,0.0,3.0,3081.0,False,4138_01
Earth,False,55 Cancri e,13.0,False,1041.0,0.0,105.0,24.0,0.0,False,4139_01
Earth,False,TRAPPIST-1e,8.0,False,0.0,0.0,0.0,0.0,0.0,False,4146_01
Earth,True,TRAPPIST-1e,53.0,False,0.0,0.0,0.0,0.0,0.0,True,4148_01
Earth,False,TRAPPIST-1e,22.0,False,351.0,436.0,4.0,0.0,0.0,False,4153_01
Europa,True,55 Cancri e,31.0,False,0.0,0.0,0.0,0.0,0.0,True,4155_01
Earth,False,TRAPPIST-1e,28.0,False,97.0,1053.0,36.0,303.05244252873564,271.0,False,4157_01
Earth,False,TRAPPIST-1e,22.0,False,0.0,713.0,1.0,0.0,7.0,True,4161_01
Earth,True,TRAPPIST-1e,27.0,False,0.0,0.0,0.0,0.0,0.0,True,4162_01
Europa,True,TRAPPIST-1e,29.0,False,0.0,0.0,0.0,0.0,0.0,True,4164_01
Europa,True,TRAPPIST-1e,42.0,False,0.0,0.0,0.0,0.0,0.0,True,4180_01
Europa,False,55 Cancri e,42.0,False,0.0,237.0,0.0,804.0,5883.0,False,4180_02
Earth,False,TRAPPIST-1e,33.0,False,137.0,0.0,0.0,926.0,0.0,False,4187_01
Europa,False,TRAPPIST-1e,32.0,True,0.0,10163.0,97.0,0.0,89.0,True,4190_01
Earth,False,55 Cancri e,42.0,False,310.0,466.0,95.0,38.0,0.0,False,4192_01
Earth,True,PSO J318.5-22,22.0,False,0.0,0.0,0.0,0.0,0.0,True,4193_01
Earth,False,55 Cancri e,18.0,False,0.0,5.0,0.0,446.0,255.0,False,4195_01
Europa,True,TRAPPIST-1e,46.0,False,0.0,0.0,0.0,0.0,0.0,True,4198_01
Earth,False,TRAPPIST-1e,20.0,False,0.0,0.0,624.0,303.05244252873564,0.0,False,4200_01
Earth,False,TRAPPIST-1e,21.0,False,154.0,622.0,1.0,27.0,0.0,False,4201_01
Mars,True,TRAPPIST-1e,26.0,False,0.0,0.0,0.0,0.0,0.0,True,4202_01
Mars,False,TRAPPIST-1e,51.0,False,180.0,0.0,439.0,1603.0,0.0,False,4202_02
Earth,False,TRAPPIST-1e,53.0,False,783.0,0.0,0.0,1847.0,0.0,False,4209_01
Earth,False,TRAPPIST-1e,29.0,False,1.0,0.0,0.0,303.05244252873564,36.0,False,4217_01
Mars,False,TRAPPIST-1e,25.0,True,1251.0,0.0,48.0,0.0,0.0,False,4224_01
Mars,False,TRAPPIST-1e,69.0,False,0.0,0.0,2262.0,336.0,0.0,False,4224_02
Europa,True,TRAPPIST-1e,26.0,False,0.0,0.0,0.0,0.0,0.0,True,4226_01
Europa,False,TRAPPIST-1e,38.0,False,0.0,9159.0,5.0,461.0,6366.0,False,4226_02
Earth,True,TRAPPIST-1e,37.0,False,0.0,0.0,177.29552524527398,0.0,0.0,True,4227_01
Earth,False,TRAPPIST-1e,14.0,False,8.0,0.0,361.0,346.0,0.0,False,4228_01
Mars,False,TRAPPIST-1e,36.0,False,1475.0,256.0,0.0,0.0,19.0,False,4234_01
Mars,False,TRAPPIST-1e,42.0,False,65.0,0.0,0.0,957.0,0.0,False,4234_02
Earth,False,TRAPPIST-1e,25.0,False,0.0,49.0,1.0,943.0,68.0,False,4235_01
Earth,True,TRAPPIST-1e,35.0,False,0.0,0.0,0.0,0.0,310.71003097450557,True,4235_02
Mars,False,TRAPPIST-1e,26.0,True,3.0,0.0,1177.0,2.0,0.0,True,4236_01
Mars,True,TRAPPIST-1e,12.0,False,0.0,0.0,0.0,0.0,0.0,True,4236_02
Earth,False,TRAPPIST-1e,48.0,False,2.0,712.0,135.0,0.0,15.0,True,4241_01
Earth,True,TRAPPIST-1e,13.0,False,0.0,0.0,0.0,0.0,0.0,True,4247_01
Earth,False,TRAPPIST-1e,21.0,False,0.0,0.0,0.0,619.0,42.0,False,4247_02
Earth,False,TRAPPIST-1e,26.0,False,1086.0,463.0,140.0,0.0,8.0,False,4248_01
Earth,False,TRAPPIST-1e,32.0,False,156.0,0.0,153.0,138.0,0.0,False,4248_02
Earth,True,TRAPPIST-1e,25.0,False,0.0,0.0,0.0,0.0,0.0,True,4250_01
Earth,False,TRAPPIST-1e,51.0,False,0.0,439.4842963318149,0.0,0.0,7.0,False,4263_01
Earth,True,55 Cancri e,15.0,False,0.0,0.0,0.0,0.0,0.0,True,4263_02
Earth,True,55 Cancri e,14.0,False,0.0,0.0,0.0,0.0,0.0,True,4263_03
Europa,True,55 Cancri e,41.0,False,0.0,0.0,0.0,0.0,0.0,True,4265_01
Earth,True,TRAPPIST-1e,13.0,False,0.0,0.0,0.0,0.0,0.0,True,4268_01
Mars,True,TRAPPIST-1e,39.0,False,0.0,0.0,0.0,0.0,0.0,True,4268_02
Earth,False,TRAPPIST-1e,19.0,False,22.0,0.0,787.0,0.0,0.0,True,4269_01
Earth,False,TRAPPIST-1e,17.0,False,667.0,0.0,0.0,12.0,0.0,False,4275_01
Earth,False,TRAPPIST-1e,41.0,False,1764.0,0.0,0.0,0.0,13.0,False,4276_01
Earth,False,55 Cancri e,43.0,False,219.26626936829558,737.0,0.0,0.0,4.0,False,4277_01
Earth,False,55 Cancri e,18.0,False,688.0,0.0,0.0,85.0,34.0,False,4279_01
Earth,False,TRAPPIST-1e,22.0,False,2.0,439.4842963318149,87.0,306.0,0.0,False,4281_01
Europa,True,55 Cancri e,29.0,False,0.0,0.0,0.0,303.05244252873564,0.0,True,4282_01
Earth,False,TRAPPIST-1e,22.0,False,1.0,762.0,0.0,25.0,0.0,True,4283_01
Mars,True,TRAPPIST-1e,62.0,False,0.0,0.0,0.0,0.0,0.0,True,4284_01
Mars,False,TRAPPIST-1e,29.0,False,874.0,0.0,415.0,0.0,0.0,False,4284_02
Earth,False,TRAPPIST-1e,26.0,False,0.0,1255.0,0.0,303.05244252873564,0.0,False,4285_01
Earth,False,55 Cancri e,8.0,False,0.0,0.0,0.0,0.0,0.0,True,4286_01
Earth,False,PSO J318.5-22,26.0,False,498.0,182.0,0.0,0.0,4.0,False,4286_02
Earth,False,TRAPPIST-1e,38.0,False,0.0,0.0,0.0,0.0,0.0,False,4286_03
Earth,False,PSO J318.5-22,49.0,False,0.0,0.0,769.0,0.0,0.0,True,4287_01
Earth,True,55 Cancri e,18.0,False,0.0,439.4842963318149,0.0,0.0,0.0,True,4288_01
Earth,False,TRAPPIST-1e,18.0,False,18.0,0.0,0.0,0.0,770.0,False,4288_02
Earth,False,TRAPPIST-1e,35.0,False,0.0,0.0,0.0,1061.0,2.0,False,4290_01
Mars,False,TRAPPIST-1e,34.0,True,430.0,0.0,619.0,0.0,0.0,False,4298_01
Mars,True,TRAPPIST-1e,11.0,False,0.0,0.0,0.0,0.0,0.0,True,4298_02
Mars,True,TRAPPIST-1e,28.65814620162446,False,0.0,0.0,0.0,0.0,0.0,True,4298_03
Mars,False,TRAPPIST-1e,22.0,False,525.0,439.0,19.0,305.0,0.0,False,4299_01
Earth,False,TRAPPIST-1e,18.0,False,0.0,0.0,0.0,794.0,0.0,False,4304_01
Mars,True,TRAPPIST-1e,36.0,False,0.0,0.0,0.0,0.0,0.0,True,4307_01
Earth,True,TRAPPIST-1e,17.0,False,0.0,0.0,0.0,0.0,0.0,True,4308_01
Mars,False,TRAPPIST-1e,25.0,False,517.0,30.0,100.0,1.0,400.0,False,4310_01
Earth,False,TRAPPIST-1e,29.0,True,168.0,0.0,881.0,0.0,0.0,True,4313_01
Europa,False,TRAPPIST-1e,25.0,False,0.0,0.0,0.0,0.0,0.0,True,4314_01
Mars,True,TRAPPIST-1e,34.0,False,0.0,0.0,0.0,0.0,0.0,True,4321_01
Earth,True,55 Cancri e,16.0,False,0.0,0.0,0.0,0.0,0.0,True,4322_01
Europa,True,55 Cancri e,28.0,False,0.0,0.0,0.0,0.0,0.0,True,4323_01
Europa,False,TRAPPIST-1e,29.0,False,0.0,82.0,542.0,1185.0,459.0,False,4323_02
Europa,False,TRAPPIST-1e,38.0,False,0.0,2061.0,0.0,267.0,325.0,True,4323_03
Europa,True,55 Cancri e,39.0,False,0.0,0.0,0.0,0.0,0.0,True,4323_04
Earth,False,PSO J318.5-22,48.0,False,0.0,717.0,0.0,0.0,56.0,False,4325_01
Earth,False,TRAPPIST-1e,23.0,False,30.0,1.0,225.0,303.05244252873564,453.0,False,4326_01
Earth,True,TRAPPIST-1e,16.0,False,0.0,0.0,0.0,0.0,0.0,True,4328_01
Earth,True,TRAPPIST-1e,21.0,False,0.0,0.0,0.0,0.0,0.0,True,4331_01
Earth,False,TRAPPIST-1e,21.0,False,0.0,211.0,793.0,0.0,0.0,True,4341_01
Earth,False,TRAPPIST-1e,4.0,False,0.0,0.0,0.0,0.0,0.0,True,4341_02
Mars,False,TRAPPIST-1e,27.0,False,65.0,0.0,948.0,0.0,0.0,True,4342_01
Earth,False,TRAPPIST-1e,18.0,False,736.0,40.0,0.0,0.0,0.0,False,4353_01
Earth,True,TRAPPIST-1e,22.0,False,0.0,0.0,0.0,0.0,0.0,True,4355_01
Earth,False,TRAPPIST-1e,28.0,False,0.0,802.0,146.0,1.0,0.0,True,4363_01
Earth,False,TRAPPIST-1e,22.0,False,3.0,53.0,4.0,0.0,748.0,False,4374_01
Europa,True,PSO J318.5-22,39.0,False,0.0,0.0,0.0,0.0,0.0,True,4375_01
Earth,True,TRAPPIST-1e,29.0,False,0.0,0.0,0.0,0.0,0.0,True,4377_01
Earth,False,PSO J318.5-22,42.0,False,48.0,466.0,3.0,28.0,125.0,False,4377_02
Earth,True,TRAPPIST-1e,0.0,False,0.0,0.0,0.0,0.0,0.0,True,4377_03
Europa,False,TRAPPIST-1e,52.0,False,0.0,465.0,0.0,1312.0,3521.0,False,4378_01
Europa,False,55 Cancri e,26.0,True,0.0,7596.0,0.0,5928.0,681.0,False,4378_02
Earth,True,TRAPPIST-1e,19.0,False,0.0,439.4842963318149,0.0,0.0,0.0,True,4379_01
Earth,False,TRAPPIST-1e,23.0,False,0.0,0.0,0.0,3.0,1390.0,False,4380_01
Earth,False,TRAPPIST-1e,36.0,False,0.0,1084.0,0.0,66.0,0.0,True,4381_01
Earth,False,TRAPPIST-1e,26.0,False,0.0,0.0,47.0,531.0,871.0,False,4381_02
Earth,False,TRAPPIST-1e,62.0,False,0.0,775.0,0.0,9.0,13.0,False,4384_01
Earth,False,TRAPPIST-1e,28.0,False,0.0,0.0,606.0,122.0,39.0,True,4385_01
Earth,True,TRAPPIST-1e,25.0,False,0.0,439.4842963318149,0.0,0.0,0.0,True,4385_02
Earth,False,55 Cancri e,0.0,False,0.0,0.0,0.0,0.0,0.0,True,4385_03
Earth,False,TRAPPIST-1e,24.0,False,0.0,0.0,59.0,744.0,0.0,False,4389_01
Earth,False,TRAPPIST-1e,49.0,False,1128.0,0.0,0.0,0.0,0.0,False,4394_01
Earth,False,PSO J318.5-22,21.0,False,0.0,7.0,0.0,652.0,9.0,False,4398_01
Earth,False,TRAPPIST-1e,29.0,False,22.0,41.0,3.0,24.0,357.0,False,4406_01
Earth,False,TRAPPIST-1e,19.0,False,9.0,3.0,0.0,1390.0,310.71003097450557,False,4412_01
Earth,True,55 Cancri e,32.0,False,0.0,0.0,0.0,0.0,0.0,True,4414_01
Mars,True,TRAPPIST-1e,20.0,False,0.0,0.0,0.0,0.0,0.0,True,4417_01
Earth,False,TRAPPIST-1e,48.0,False,0.0,15.0,28.0,103.0,871.0,False,4418_01
Earth,False,TRAPPIST-1e,27.0,False,846.0,439.4842963318149,0.0,0.0,0.0,False,4419_01
Earth,False,TRAPPIST-1e,49.0,False,975.0,0.0,6.0,0.0,87.0,False,4419_02
Earth,False,TRAPPIST-1e,20.0,False,627.0,6.0,26.0,0.0,0.0,False,4420_01
Earth,False,PSO J318.5-22,25.0,False,0.0,688.0,0.0,128.0,0.0,True,4420_02
Earth,False,TRAPPIST-1e,28.65814620162446,False,0.0,1486.0,211.0,1038.0,0.0,False,4421_01
Europa,False,55 Cancri e,73.0,False,69.0,774.0,0.0,4618.0,40.0,False,4423_01
Europa,True,55 Cancri e,23.0,False,0.0,0.0,0.0,0.0,0.0,True,4425_01
Europa,False,55 Cancri e,23.0,False,0.0,16071.0,0.0,2848.0,505.0,False,4425_02
Mars,False,TRAPPIST-1e,26.0,False,566.0,6.0,579.0,1508.0,0.0,False,4434_01
Europa,False,55 Cancri e,48.0,False,0.0,0.0,0.0,0.0,0.0,True,4435_01
Europa,False,TRAPPIST-1e,28.65814620162446,False,0.0,2065.0,0.0,399.0,387.0,True,4435_02
Mars,True,TRAPPIST-1e,54.0,False,0.0,439.4842963318149,0.0,0.0,0.0,True,4439_01
Mars,False,TRAPPIST-1e,56.0,False,349.0,152.0,1613.0,0.0,0.0,True,4439_02
Europa,False,55 Cancri e,30.0,True,4.0,7026.0,33.0,67.0,1544.0,True,4442_01
Earth,False,TRAPPIST-1e,24.0,False,0.0,600.0,177.29552524527398,0.0,0.0,True,4443_01
Earth,False,55 Cancri e,23.0,False,219.26626936829558,0.0,445.0,226.0,47.0,False,4443_02
Europa,True,TRAPPIST-1e,57.0,False,0.0,0.0,0.0,0.0,0.0,True,4454_01
Earth,False,TRAPPIST-1e,28.65814620162446,False,0.0,0.0,1168.0,5.0,763.0,False,4455_01
Earth,False,TRAPPIST-1e,14.0,False,61.0,0.0,0.0,1.0,726.0,False,4455_02
Earth,True,TRAPPIST-1e,51.0,False,0.0,0.0,0.0,0.0,0.0,True,4455_03
Earth,True,TRAPPIST-1e,16.0,False,0.0,0.0,0.0,0.0,0.0,True,4458_01
Europa,True,55 Cancri e,29.0,False,0.0,0.0,0.0,0.0,0.0,True,4460_01
Earth,True,TRAPPIST-1e,43.0,False,0.0,0.0,0.0,0.0,0.0,True,4468_01
Earth,False,TRAPPIST-1e,16.0,False,0.0,0.0,16.0,7.0,717.0,False,4471_01
Mars,False,TRAPPIST-1e,38.0,False,432.0,926.0,0.0,0.0,0.0,False,4478_01
Europa,False,TRAPPIST-1e,40.0,False,0.0,0.0,0.0,0.0,0.0,True,4480_01
Earth,False,PSO J318.5-22,44.0,False,109.0,0.0,0.0,0.0,550.0,False,4481_01
Earth,False,TRAPPIST-1e,25.0,False,1.0,0.0,0.0,0.0,715.0,False,4484_01
Earth,False,TRAPPIST-1e,20.0,False,0.0,0.0,93.0,552.0,0.0,False,4488_01
Earth,False,55 Cancri e,19.0,False,0.0,11.0,413.0,232.0,1885.0,False,4489_01
Europa,False,TRAPPIST-1e,47.0,False,0.0,3219.0,0.0,891.0,3641.0,False,4495_01
Earth,True,TRAPPIST-1e,21.0,False,0.0,0.0,0.0,0.0,0.0,True,4499_01
Earth,False,TRAPPIST-1e,15.0,False,1320.0,71.0,53.0,0.0,4.0,False,4503_01
Europa,False,TRAPPIST-1e,26.0,False,0.0,3575.0,442.0,86.0,3.0,True,4504_01
Europa,False,TRAPPIST-1e,50.0,True,0.0,1260.0,0.0,274.0,3129.0,False,4507_01
Earth,False,TRAPPIST-1e,19.0,False,0.0,667.0,0.0,0.0,34.0,True,4513_01
Earth,False,TRAPPIST-1e,28.65814620162446,False,1.0,0.0,1444.0,9.0,122.0,True,4519_01
Earth,False,TRAPPIST-1e,18.0,False,140.0,1.0,0.0,0.0,643.0,False,4520_01
Earth,True,TRAPPIST-1e,0.0,False,0.0,0.0,0.0,0.0,0.0,True,4523_01
Earth,True,TRAPPIST-1e,34.0,False,0.0,0.0,0.0,0.0,0.0,True,4523_02
Earth,False,TRAPPIST-1e,25.0,False,3.0,0.0,0.0,613.0,128.0,False,4523_03
Earth,False,55 Cancri e,8.0,False,0.0,0.0,0.0,0.0,0.0,True,4523_04
Earth,True,TRAPPIST-1e,0.0,False,0.0,0.0,0.0,0.0,0.0,True,4523_05
Earth,False,55 Cancri e,6.0,False,0.0,0.0,0.0,0.0,0.0,True,4523_06
Europa,False,55 Cancri e,27.0,False,0.0,2817.0,0.0,415.0,4111.0,False,4525_01
Earth,False,TRAPPIST-1e,32.0,False,219.26626936829558,0.0,996.0,1.0,0.0,True,4526_01
Earth,False,TRAPPIST-1e,63.0,False,0.0,0.0,0.0,0.0,1020.0,False,4527_01
Mars,False,PSO J318.5-22,36.0,False,7.0,818.0,913.0,21.0,0.0,True,4528_01
Europa,False,55 Cancri e,33.0,False,5.0,2799.0,0.0,3439.0,6.0,False,4536_01
Earth,True,TRAPPIST-1e,28.0,False,0.0,0.0,0.0,0.0,0.0,True,4540_01
Europa,False,55 Cancri e,43.0,False,395.0,47.0,0.0,1067.0,1420.0,False,4541_01
Earth,False,TRAPPIST-1e,23.0,False,808.0,2.0,0.0,33.0,0.0,False,4545_01
Europa,True,TRAPPIST-1e,22.0,False,0.0,0.0,0.0,0.0,0.0,True,4548_01
Europa,False,55 Cancri e,56.0,False,0.0,3216.0,0.0,31.0,68.0,True,4551_01
Europa,False,TRAPPIST-1e,25.0,False,0.0,11963.0,0.0,986.0,592.0,True,4551_02
Europa,True,55 Cancri e,28.0,False,0.0,0.0,0.0,0.0,0.0,True,4551_03
Europa,True,TRAPPIST-1e,44.0,False,0.0,0.0,0.0,303.05244252873564,0.0,True,4551_04
Earth,False,TRAPPIST-1e,20.0,False,0.0,32.0,0.0,1495.0,0.0,False,4554_01
Mars,False,TRAPPIST-1e,17.0,False,1214.0,0.0,1365.0,0.0,0.0,False,4556_01
Earth,False,TRAPPIST-1e,18.0,False,137.0,21.0,177.29552524527398,30.0,638.0,False,4566_01
Earth,False,TRAPPIST-1e,15.0,False,0.0,13.0,7.0,0.0,1109.0,False,4578_01
Earth,True,TRAPPIST-1e,23.0,False,0.0,0.0,0.0,0.0,0.0,True,4579_01
Earth,False,TRAPPIST-1e,27.0,False,0.0,875.0,0.0,7.0,0.0,True,4582_01
Earth,False,TRAPPIST-1e,10.0,False,0.0,0.0,0.0,0.0,0.0,False,4582_02
Earth,False,TRAPPIST-1e,10.0,False,0.0,0.0,0.0,0.0,0.0,False,4582_03
Earth,True,55 Cancri e,0.0,False,0.0,0.0,0.0,0.0,0.0,True,4582_04
Earth,True,TRAPPIST-1e,16.0,False,0.0,0.0,0.0,0.0,0.0,True,4582_05
Earth,False,TRAPPIST-1e,48.0,False,0.0,0.0,818.0,65.0,1.0,True,4582_06
Earth,False,TRAPPIST-1e,7.0,False,0.0,0.0,0.0,0.0,0.0,True,4582_07
Mars,True,TRAPPIST-1e,50.0,False,0.0,0.0,0.0,0.0,0.0,True,4583_01
Mars,True,TRAPPIST-1e,5.0,False,0.0,0.0,0.0,0.0,0.0,True,4583_02
Mars,False,TRAPPIST-1e,50.0,False,953.0,1628.0,1184.0,0.0,1.0,False,4583_03
Earth,False,TRAPPIST-1e,35.0,False,518.0,1.0,344.0,1.0,23.0,False,4584_01
Earth,False,TRAPPIST-1e,23.0,False,208.0,0.0,3.0,0.0,434.0,False,4588_01
Mars,False,TRAPPIST-1e,28.0,False,122.0,439.4842963318149,219.0,18.0,0.0,False,4589_01
Earth,False,TRAPPIST-1e,20.0,False,57.0,177.0,0.0,0.0,539.0,False,4590_01
Mars,False,TRAPPIST-1e,47.0,False,1294.0,0.0,5.0,0.0,0.0,False,4598_01
Earth,True,TRAPPIST-1e,26.0,False,0.0,0.0,0.0,0.0,0.0,True,4599_01
Earth,True,PSO J318.5-22,17.0,False,0.0,0.0,0.0,0.0,0.0,True,4600_01
Earth,True,TRAPPIST-1e,43.0,False,0.0,0.0,0.0,0.0,0.0,True,4600_02
Earth,False,TRAPPIST-1e,37.0,False,1394.0,127.0,7.0,0.0,0.0,False,4601_01
Mars,False,TRAPPIST-1e,25.0,False,104.0,0.0,780.0,165.0,0.0,True,4614_01
Mars,False,55 Cancri e,26.0,False,981.0,0.0,20.0,5.0,0.0,False,4614_02
Earth,False,TRAPPIST-1e,23.0,False,0.0,0.0,0.0,419.0,310.71003097450557,False,4616_01
Mars,False,TRAPPIST-1e,46.0,True,537.0,0.0,768.0,3.0,0.0,True,4618_01
Earth,False,TRAPPIST-1e,23.0,False,3.0,0.0,3091.0,89.0,0.0,True,4619_01
Europa,True,55 Cancri e,26.0,False,0.0,0.0,0.0,0.0,0.0,True,4626_01
Europa,False,TRAPPIST-1e,27.0,False,1218.0,236.0,0.0,1678.0,0.0,False,4626_02
Earth,False,TRAPPIST-1e,18.0,False,0.0,0.0,12.0,303.05244252873564,1421.0,False,4627_01
Earth,False,TRAPPIST-1e,63.0,False,0.0,0.0,421.0,341.0,2.0,False,4629_01
Earth,True,PSO J318.5-22,2.0,False,0.0,0.0,0.0,0.0,0.0,True,4636_01
Europa,False,TRAPPIST-1e,0.0,False,0.0,0.0,0.0,0.0,0.0,True,4639_01
Europa,False,TRAPPIST-1e,0.0,False,0.0,0.0,0.0,0.0,0.0,True,4639_02
Europa,False,55 Cancri e,37.0,False,3675.0,439.4842963318149,0.0,5482.0,1535.0,False,4639_03
Europa,False,55 Cancri e,18.0,False,2195.0,2515.0,140.0,4072.0,345.0,False,4639_04
Earth,True,TRAPPIST-1e,33.0,False,0.0,0.0,0.0,0.0,0.0,True,4639_05
Europa,False,TRAPPIST-1e,31.0,False,0.0,0.0,0.0,0.0,0.0,True,4639_06
Earth,True,TRAPPIST-1e,34.0,False,0.0,0.0,0.0,0.0,0.0,True,4647_01
Earth,False,TRAPPIST-1e,18.0,False,0.0,1020.0,393.0,20.0,0.0,True,4660_01
Mars,False,TRAPPIST-1e,20.0,False,64.0,0.0,1214.0,523.0,0.0,False,4666_01
Europa,True,TRAPPIST-1e,37.0,False,0.0,0.0,0.0,0.0,0.0,True,4669_01
Europa,False,TRAPPIST-1e,30.0,False,0.0,2506.0,0.0,419.0,528.0,True,4670_01
Mars,False,TRAPPIST-1e,7.0,False,0.0,0.0,0.0,0.0,0.0,True,4671_01
Mars,False,TRAPPIST-1e,32.0,False,0.0,0.0,0.0,0.0,0.0,False,4671_02
Earth,False,TRAPPIST-1e,68.0,False,0.0,0.0,0.0,0.0,0.0,False,4671_03
Mars,False,TRAPPIST-1e,0.0,False,0.0,0.0,0.0,0.0,0.0,True,4671_04
Earth,False,TRAPPIST-1e,23.0,False,355.0,0.0,0.0,1035.0,0.0,False,4674_01
Europa,False,55 Cancri e,38.0,False,5333.0,6602.0,177.29552524527398,234.0,0.0,True,4675_01
Europa,False,TRAPPIST-1e,26.0,False,0.0,439.0,4460.0,2525.0,11225.0,False,4675_02
Europa,False,55 Cancri e,29.0,False,55.0,2699.0,0.0,8096.0,198.0,False,4681_01
Earth,False,TRAPPIST-1e,43.0,False,0.0,0.0,0.0,0.0,0.0,False,4682_01
Mars,True,TRAPPIST-1e,38.0,False,0.0,0.0,0.0,0.0,0.0,True,4683_01
Mars,False,TRAPPIST-1e,25.0,False,247.0,0.0,1062.0,0.0,0.0,True,4683_02
Mars,True,TRAPPIST-1e,18.0,False,0.0,0.0,0.0,0.0,0.0,True,4685_01
Earth,False,TRAPPIST-1e,23.0,False,6.0,0.0,1.0,783.0,18.0,False,4687_01
Earth,False,TRAPPIST-1e,26.0,False,755.0,0.0,109.0,0.0,0.0,False,4688_01
Europa,False,TRAPPIST-1e,45.0,False,413.0,835.0,1741.0,0.0,8443.0,False,4692_01
Mars,True,TRAPPIST-1e,25.0,False,0.0,0.0,0.0,0.0,0.0,True,4697_01
Mars,True,55 Cancri e,16.0,False,0.0,0.0,0.0,0.0,0.0,True,4698_01
Europa,True,55 Cancri e,25.0,False,0.0,0.0,0.0,0.0,0.0,True,4700_01
Europa,False,55 Cancri e,11.0,False,0.0,0.0,0.0,0.0,0.0,True,4701_01
Europa,True,55 Cancri e,22.0,False,0.0,0.0,0.0,0.0,0.0,True,4701_02
Europa,True,TRAPPIST-1e,38.0,False,219.26626936829558,0.0,0.0,0.0,0.0,True,4701_03
Europa,True,TRAPPIST-1e,25.0,False,0.0,0.0,177.29552524527398,0.0,0.0,True,4701_04
Earth,True,PSO J318.5-22,17.0,False,0.0,0.0,0.0,0.0,0.0,True,4702_01
Earth,False,TRAPPIST-1e,20.0,False,416.0,205.0,0.0,0.0,0.0,False,4702_02
Europa,True,TRAPPIST-1e,24.0,False,0.0,0.0,0.0,0.0,0.0,True,4703_01
Europa,True,55 Cancri e,37.0,False,0.0,0.0,0.0,0.0,0.0,True,4703_02
Europa,False,TRAPPIST-1e,32.0,False,0.0,439.4842963318149,0.0,8.0,19.0,True,4705_01
Europa,False,TRAPPIST-1e,32.0,False,10.0,924.0,0.0,56.0,2991.0,False,4705_02
Earth,False,TRAPPIST-1e,20.0,False,0.0,163.0,0.0,1279.0,0.0,False,4707_01
Earth,False,TRAPPIST-1e,50.0,False,219.26626936829558,0.0,0.0,303.05244252873564,0.0,False,4707_02
Europa,False,TRAPPIST-1e,33.0,False,0.0,0.0,0.0,0.0,0.0,True,4715_01
Earth,False,TRAPPIST-1e,47.0,False,6.0,328.0,0.0,0.0,382.0,False,4716_01
Europa,True,55 Cancri e,49.0,False,0.0,0.0,0.0,0.0,0.0,True,4718_01
Earth,False,TRAPPIST-1e,20.0,False,827.0,0.0,0.0,0.0,0.0,False,4722_01
Europa,True,TRAPPIST-1e,26.0,False,0.0,0.0,0.0,0.0,0.0,True,4724_01
Earth,False,TRAPPIST-1e,24.0,False,617.0,9.0,83.0,0.0,0.0,False,4727_01
Earth,False,TRAPPIST-1e,11.0,False,0.0,0.0,0.0,0.0,0.0,False,4727_02
Mars,False,TRAPPIST-1e,47.0,False,704.0,12.0,11.0,0.0,1638.0,False,4729_01
Earth,True,TRAPPIST-1e,22.0,False,0.0,0.0,0.0,0.0,0.0,True,4731_01
Mars,False,TRAPPIST-1e,35.0,False,1734.0,0.0,365.0,0.0,0.0,False,4734_01
Mars,False,55 Cancri e,25.0,False,854.0,0.0,596.0,0.0,0.0,False,4735_01
Mars,True,TRAPPIST-1e,33.0,False,0.0,0.0,0.0,0.0,0.0,True,4736_01
Earth,False,TRAPPIST-1e,20.0,False,0.0,40.0,9.0,120.0,622.0,False,4737_01
Earth,True,TRAPPIST-1e,16.0,False,0.0,0.0,177.29552524527398,0.0,0.0,True,4740_01
Mars,False,TRAPPIST-1e,29.0,False,1071.0,27.0,58.0,0.0,0.0,False,4742_01
Earth,True,TRAPPIST-1e,16.0,False,0.0,0.0,0.0,0.0,0.0,True,4745_01
Europa,True,TRAPPIST-1e,43.0,False,0.0,0.0,0.0,0.0,0.0,True,4747_01
Europa,False,TRAPPIST-1e,33.0,False,0.0,1376.0,26.0,159.0,1649.0,False,4747_02
Earth,False,TRAPPIST-1e,16.0,False,262.0,0.0,1.0,825.0,0.0,False,4749_01
Earth,False,TRAPPIST-1e,22.0,False,390.0,98.0,0.0,278.0,39.0,False,4751_01
Earth,False,55 Cancri e,18.0,False,5.0,526.0,0.0,0.0,122.0,False,4760_01
Earth,True,55 Cancri e,36.0,False,0.0,0.0,0.0,0.0,0.0,True,4761_01
Earth,True,TRAPPIST-1e,17.0,False,0.0,0.0,0.0,0.0,0.0,True,4761_02
Earth,False,TRAPPIST-1e,34.0,False,0.0,919.0,0.0,0.0,51.0,True,4761_03
Earth,True,TRAPPIST-1e,1.0,False,0.0,0.0,0.0,0.0,0.0,True,4765_01
Mars,True,TRAPPIST-1e,24.0,False,0.0,0.0,0.0,0.0,0.0,True,4766_01
Earth,False,TRAPPIST-1e,20.0,False,43.0,443.0,642.0,0.0,0.0,True,4767_01
Europa,False,TRAPPIST-1e,56.0,False,0.0,2345.0,39.0,338.0,452.0,True,4768_01
Europa,True,TRAPPIST-1e,26.0,False,0.0,0.0,0.0,0.0,0.0,True,4768_02
Earth,False,TRAPPIST-1e,35.0,False,0.0,579.0,132.0,0.0,0.0,True,4771_01
Mars,False,55 Cancri e,3.0,False,0.0,0.0,0.0,0.0,0.0,True,4776_01
Mars,False,TRAPPIST-1e,23.0,False,0.0,0.0,0.0,0.0,0.0,False,4776_02
Mars,True,TRAPPIST-1e,19.0,False,0.0,0.0,0.0,0.0,0.0,True,4776_03
Mars,False,TRAPPIST-1e,0.0,False,0.0,0.0,0.0,0.0,0.0,True,4776_04
Earth,False,TRAPPIST-1e,30.0,False,8.0,18.0,0.0,0.0,1779.0,False,4779_01
Earth,False,TRAPPIST-1e,50.0,False,0.0,0.0,9.0,819.0,0.0,False,4781_01
Mars,True,TRAPPIST-1e,15.0,False,0.0,0.0,0.0,0.0,0.0,True,4789_01
Mars,False,TRAPPIST-1e,19.0,False,794.0,0.0,2.0,0.0,191.0,False,4799_01
Mars,False,TRAPPIST-1e,28.65814620162446,False,32.0,1017.0,1.0,0.0,755.0,False,4799_02
Mars,False,TRAPPIST-1e,35.0,False,611.0,0.0,409.0,0.0,20.0,False,4799_03
Earth,False,TRAPPIST-1e,45.0,False,0.0,0.0,61.0,199.0,514.0,False,4800_01
Earth,True,TRAPPIST-1e,0.0,False,0.0,0.0,0.0,0.0,0.0,True,4802_01
Earth,False,PSO J318.5-22,74.0,False,568.0,17.0,0.0,303.05244252873564,1.0,False,4802_02
Earth,True,55 Cancri e,24.0,False,0.0,0.0,0.0,0.0,0.0,True,4805_01
Mars,False,TRAPPIST-1e,39.0,False,1.0,0.0,1048.0,0.0,0.0,True,4806_01
Earth,False,TRAPPIST-1e,18.0,False,4.0,13.0,0.0,1784.0,137.0,False,4809_01
Earth,True,PSO J318.5-22,39.0,False,0.0,0.0,0.0,0.0,0.0,True,4811_01
Europa,True,TRAPPIST-1e,33.0,False,0.0,0.0,0.0,0.0,0.0,True,4812_01
Earth,False,PSO J318.5-22,21.0,False,101.0,439.4842963318149,71.0,17.0,279.0,False,4816_01
Europa,False,TRAPPIST-1e,35.0,False,0.0,6607.0,0.0,706.0,363.0,True,4820_01
Europa,False,55 Cancri e,66.0,False,165.0,1329.0,0.0,230.0,7749.0,False,4820_02
Earth,False,TRAPPIST-1e,14.0,False,14.0,0.0,135.0,0.0,818.0,False,4821_01
Mars,False,TRAPPIST-1e,20.0,False,71.0,2.0,2121.0,0.0,0.0,True,4824_01
Mars,True,TRAPPIST-1e,18.0,False,0.0,0.0,0.0,0.0,0.0,True,4825_01
Europa,False,TRAPPIST-1e,36.0,False,0.0,2313.0,12.0,194.0,10.0,True,4826_01
Europa,False,55 Cancri e,27.0,True,0.0,273.0,0.0,2597.0,4093.0,False,4833_01
Europa,False,TRAPPIST-1e,51.0,False,0.0,2387.0,177.29552524527398,1866.0,54.0,False,4833_02
Earth,True,TRAPPIST-1e,18.0,False,0.0,0.0,0.0,0.0,0.0,True,4834_01
Earth,False,TRAPPIST-1e,46.0,False,2.0,90.0,0.0,1351.0,0.0,False,4835_01
Mars,False,TRAPPIST-1e,67.0,False,1365.0,0.0,1296.0,9.0,0.0,False,4839_01
Earth,False,TRAPPIST-1e,24.0,False,207.0,0.0,62.0,0.0,452.0,False,4843_01
Earth,False,PSO J318.5-22,35.0,False,219.26626936829558,607.0,0.0,0.0,1145.0,False,4843_02
Earth,False,TRAPPIST-1e,14.0,False,40.0,0.0,497.0,0.0,285.0,False,4844_01
Mars,True,TRAPPIST-1e,22.0,False,0.0,0.0,0.0,0.0,0.0,True,4849_01
Earth,True,PSO J318.5-22,20.0,False,0.0,0.0,0.0,0.0,0.0,True,4852_01
Mars,True,TRAPPIST-1e,23.0,False,0.0,0.0,0.0,0.0,0.0,True,4854_01
Earth,True,PSO J318.5-22,23.0,False,0.0,0.0,0.0,0.0,0.0,True,4855_01
Earth,True,TRAPPIST-1e,21.0,False,0.0,0.0,177.29552524527398,0.0,0.0,True,4855_02
Mars,False,TRAPPIST-1e,36.0,False,3341.0,0.0,558.0,0.0,0.0,False,4858_01
Earth,True,TRAPPIST-1e,19.0,False,0.0,0.0,0.0,0.0,0.0,True,4859_01
Earth,False,PSO J318.5-22,22.0,False,0.0,0.0,292.0,261.0,0.0,False,4860_01
Earth,False,TRAPPIST-1e,58.0,False,70.0,0.0,292.0,356.0,0.0,False,4861_01
Earth,False,TRAPPIST-1e,14.0,False,1538.0,22.0,0.0,11.0,2.0,False,4865_01
Earth,False,TRAPPIST-1e,18.0,False,0.0,8.0,0.0,433.0,482.0,False,4867_01
Earth,False,TRAPPIST-1e,40.0,False,48.0,4.0,351.0,54.0,443.0,False,4869_01
Earth,False,TRAPPIST-1e,24.0,False,0.0,5.0,6.0,486.0,205.0,False,4872_01
Mars,False,TRAPPIST-1e,26.0,False,80.0,0.0,199.0,288.0,0.0,False,4877_01
Earth,True,TRAPPIST-1e,16.0,False,0.0,0.0,0.0,0.0,0.0,True,4894_01
Earth,True,55 Cancri e,28.65814620162446,False,0.0,0.0,0.0,0.0,0.0,True,4905_01
Earth,False,TRAPPIST-1e,21.0,False,699.0,0.0,63.0,2.0,19.0,False,4906_01
Earth,True,TRAPPIST-1e,17.0,False,0.0,0.0,0.0,0.0,0.0,True,4907_01
Earth,False,TRAPPIST-1e,23.0,False,115.0,464.0,0.0,303.05244252873564,20.0,False,4908_01
Mars,False,TRAPPIST-1e,22.0,False,1299.0,0.0,0.0,0.0,0.0,False,4914_01
Earth,False,55 Cancri e,20.0,False,637.0,439.4842963318149,0.0,193.0,0.0,False,4919_01
Europa,False,55 Cancri e,38.0,False,29.0,666.0,0.0,1641.0,7985.0,False,4921_01
Earth,False,55 Cancri e,37.0,False,0.0,789.0,0.0,0.0,0.0,True,4922_01
Mars,False,TRAPPIST-1e,31.0,False,1596.0,0.0,453.0,0.0,86.0,False,4926_01
Mars,False,55 Cancri e,27.0,False,345.0,0.0,1025.0,91.0,0.0,True,4928_01
Earth,False,TRAPPIST-1e,31.0,False,0.0,0.0,1010.0,9.0,0.0,True,4931_01
Earth,False,TRAPPIST-1e,21.0,False,97.0,41.0,0.0,436.0,52.0,False,4935_01
Earth,True,PSO J318.5-22,36.0,False,0.0,0.0,0.0,0.0,0.0,True,4935_02
Earth,False,PSO J318.5-22,20.0,False,0.0,0.0,541.0,0.0,0.0,True,4935_03
Earth,False,PSO J318.5-22,36.0,False,55.0,4.0,0.0,0.0,1784.0,False,4936_01
Earth,False,PSO J318.5-22,40.0,False,0.0,20.0,143.0,98.0,461.0,False,4947_01
Mars,False,TRAPPIST-1e,25.0,False,1117.0,0.0,33.0,1238.0,0.0,False,4948_01
Europa,True,TRAPPIST-1e,32.0,True,0.0,0.0,0.0,0.0,0.0,True,4949_01
Europa,False,55 Cancri e,25.0,False,0.0,1255.0,0.0,5229.0,3152.0,False,4949_02
Europa,True,TRAPPIST-1e,49.0,False,0.0,0.0,0.0,0.0,0.0,True,4953_01
Mars,False,TRAPPIST-1e,28.0,False,1104.0,0.0,163.0,19.0,61.0,False,4955_01
Europa,True,55 Cancri e,58.0,False,0.0,0.0,0.0,0.0,0.0,True,4957_01
Mars,True,TRAPPIST-1e,28.65814620162446,False,0.0,0.0,0.0,0.0,0.0,True,4959_01
Earth,False,TRAPPIST-1e,22.0,False,0.0,0.0,12.0,689.0,2.0,False,4960_01
Mars,False,TRAPPIST-1e,61.0,False,0.0,0.0,0.0,0.0,0.0,False,4962_01
Europa,False,TRAPPIST-1e,28.0,False,0.0,9933.0,0.0,134.0,70.0,True,4966_01
Europa,True,TRAPPIST-1e,24.0,False,0.0,0.0,0.0,0.0,0.0,True,4966_02
Earth,False,55 Cancri e,40.0,False,219.26626936829558,0.0,0.0,0.0,127.0,False,4967_01
Earth,True,TRAPPIST-1e,28.65814620162446,False,0.0,0.0,0.0,0.0,0.0,True,4968_01
Earth,False,55 Cancri e,15.0,False,78.0,515.0,132.0,0.0,137.0,False,4969_01
Earth,False,PSO J318.5-22,29.0,False,9.0,0.0,663.0,0.0,0.0,True,4969_02
Earth,True,PSO J318.5-22,18.0,False,0.0,439.4842963318149,0.0,0.0,0.0,True,4971_01
Earth,False,PSO J318.5-22,28.0,False,213.0,439.4842963318149,1317.0,199.0,0.0,True,4976_01
Earth,True,TRAPPIST-1e,24.0,False,0.0,0.0,0.0,0.0,0.0,True,4982_01
Earth,False,TRAPPIST-1e,18.0,False,0.0,130.0,0.0,429.0,0.0,False,4984_01
Earth,False,PSO J318.5-22,21.0,False,690.0,0.0,0.0,49.0,7.0,False,4984_02
Mars,True,TRAPPIST-1e,25.0,False,0.0,0.0,0.0,0.0,0.0,True,4985_01
Earth,False,55 Cancri e,16.0,False,0.0,81.0,1.0,0.0,778.0,False,4986_01
Europa,True,TRAPPIST-1e,49.0,False,0.0,0.0,0.0,0.0,0.0,True,4988_01
Earth,False,TRAPPIST-1e,28.0,False,0.0,610.0,1014.0,0.0,0.0,True,4993_01
Earth,False,TRAPPIST-1e,22.0,False,0.0,0.0,0.0,732.0,310.71003097450557,False,4994_01
Earth,False,TRAPPIST-1e,11.0,False,0.0,0.0,0.0,0.0,0.0,False,5001_01
Earth,True,55 Cancri e,26.0,False,0.0,0.0,0.0,0.0,0.0,True,5002_01
Earth,True,55 Cancri e,17.0,False,0.0,0.0,0.0,0.0,0.0,True,5011_01
Earth,False,TRAPPIST-1e,26.0,False,0.0,115.0,307.0,420.0,0.0,False,5022_01
Earth,False,TRAPPIST-1e,0.0,False,0.0,0.0,0.0,0.0,0.0,True,5024_01
Earth,False,TRAPPIST-1e,28.65814620162446,False,0.0,0.0,0.0,0.0,0.0,False,5024_02
Earth,False,TRAPPIST-1e,4.0,False,0.0,0.0,0.0,0.0,0.0,True,5024_03
Earth,False,TRAPPIST-1e,19.0,False,0.0,0.0,97.0,99.0,449.0,False,5024_04
Earth,True,55 Cancri e,5.0,False,0.0,0.0,0.0,0.0,0.0,True,5024_05
Earth,False,TRAPPIST-1e,35.0,False,57.0,97.0,455.0,109.0,0.0,True,5026_01
Europa,True,55 Cancri e,25.0,False,0.0,0.0,0.0,0.0,0.0,True,5029_01
Europa,True,TRAPPIST-1e,26.0,False,0.0,0.0,0.0,0.0,0.0,True,5029_02
Earth,False,TRAPPIST-1e,34.0,False,4.0,12.0,858.0,0.0,32.0,True,5030_01
Europa,False,55 Cancri e,21.0,False,0.0,438.0,0.0,0.0,2175.0,False,5031_01
Europa,False,TRAPPIST-1e,26.0,False,0.0,6442.0,0.0,681.0,756.0,True,5031_02
Europa,False,TRAPPIST-1e,32.0,False,0.0,5209.0,0.0,22.0,3062.0,False,5033_01
Europa,False,TRAPPIST-1e,40.0,False,0.0,1262.0,0.0,6162.0,6.0,False,5033_02
Mars,False,TRAPPIST-1e,13.0,False,0.0,0.0,0.0,0.0,0.0,True,5037_01
Mars,False,55 Cancri e,29.0,False,465.0,0.0,169.0,102.0,2104.0,False,5038_01
Mars,True,TRAPPIST-1e,11.0,False,0.0,0.0,0.0,0.0,0.0,True,5038_02
Earth,False,55 Cancri e,25.0,False,3.0,414.0,4.0,245.0,143.0,False,5041_01
Mars,True,TRAPPIST-1e,31.0,False,0.0,0.0,0.0,0.0,0.0,True,5043_01
Mars,True,55 Cancri e,51.0,False,0.0,0.0,0.0,0.0,0.0,True,5043_02
Mars,False,TRAPPIST-1e,20.0,False,0.0,0.0,0.0,0.0,0.0,False,5043_03
Mars,True,TRAPPIST-1e,32.0,False,0.0,0.0,0.0,0.0,0.0,True,5045_01
Earth,True,TRAPPIST-1e,22.0,False,0.0,0.0,0.0,0.0,0.0,True,5046_01
Earth,True,PSO J318.5-22,38.0,False,0.0,0.0,0.0,0.0,0.0,True,5047_01
Earth,False,TRAPPIST-1e,26.0,False,13.0,1.0,0.0,8.0,765.0,False,5049_01
Europa,False,TRAPPIST-1e,42.0,True,2.0,722.0,0.0,1035.0,368.0,False,5053_01
Mars,False,TRAPPIST-1e,57.0,False,1337.0,0.0,0.0,1080.0,0.0,False,5054_01
Earth,True,TRAPPIST-1e,38.0,False,0.0,0.0,0.0,0.0,0.0,True,5055_01
Mars,False,TRAPPIST-1e,23.0,False,663.0,392.0,6023.0,4.0,0.0,True,5056_01
Mars,False,55 Cancri e,32.0,False,38.0,0.0,1423.0,0.0,0.0,True,5056_02
Earth,False,TRAPPIST-1e,15.0,False,0.0,43.0,2837.0,6.0,140.0,True,5066_01
Earth,False,TRAPPIST-1e,41.0,False,219.26626936829558,1478.0,0.0,303.05244252873564,3.0,False,5071_01
Earth,False,TRAPPIST-1e,19.0,False,0.0,5.0,716.0,0.0,0.0,True,5075_01
Mars,False,TRAPPIST-1e,26.0,False,830.0,33.0,1030.0,3.0,29.0,False,5077_01
Earth,False,PSO J318.5-22,28.65814620162446,False,1627.0,0.0,0.0,110.0,0.0,False,5078_01
Mars,True,TRAPPIST-1e,20.0,False,0.0,0.0,0.0,0.0,0.0,True,5079_01
Earth,False,TRAPPIST-1e,19.0,False,1171.0,1460.0,0.0,36.0,0.0,False,5081_01
Europa,False,TRAPPIST-1e,30.0,False,2019.0,1686.0,129.0,99.0,933.0,False,5082_01
Mars,True,TRAPPIST-1e,58.0,False,0.0,0.0,0.0,0.0,0.0,True,5086_01
Mars,False,TRAPPIST-1e,17.0,False,55.0,0.0,994.0,0.0,0.0,True,5086_02
Earth,False,TRAPPIST-1e,28.65814620162446,False,7.0,0.0,703.0,66.0,0.0,True,5092_01
Earth,True,PSO J318.5-22,19.0,False,0.0,0.0,0.0,0.0,0.0,True,5094_01
Earth,False,55 Cancri e,20.0,False,0.0,68.0,31.0,167.0,381.0,False,5094_02
Mars,False,TRAPPIST-1e,54.0,False,1108.0,0.0,53.0,496.0,0.0,False,5096_01
Mars,False,TRAPPIST-1e,21.0,False,542.0,0.0,1222.0,98.0,484.0,False,5096_02
Earth,False,TRAPPIST-1e,44.0,False,0.0,83.0,0.0,68.0,586.0,False,5098_01
Earth,True,PSO J318.5-22,11.0,False,0.0,0.0,0.0,0.0,0.0,True,5098_02
Earth,True,55 Cancri e,2.0,False,0.0,0.0,0.0,0.0,0.0,True,5098_03
Earth,False,TRAPPIST-1e,20.0,False,1330.0,0.0,177.29552524527398,0.0,49.0,False,5099_01
Mars,True,TRAPPIST-1e,50.0,False,0.0,0.0,0.0,0.0,0.0,True,5100_01
Earth,False,TRAPPIST-1e,27.0,False,0.0,91.0,945.0,0.0,0.0,True,5101_01
Earth,False,PSO J318.5-22,28.0,False,0.0,0.0,3.0,654.0,0.0,False,5102_01
Earth,False,TRAPPIST-1e,33.0,False,1449.0,0.0,0.0,0.0,0.0,False,5107_01
Mars,True,55 Cancri e,23.0,False,0.0,0.0,0.0,0.0,0.0,True,5110_01
Earth,False,TRAPPIST-1e,22.0,False,0.0,0.0,0.0,889.0,0.0,False,5113_01
Mars,True,TRAPPIST-1e,44.0,False,0.0,0.0,0.0,0.0,0.0,True,5114_01
Mars,False,TRAPPIST-1e,45.0,False,458.0,0.0,838.0,0.0,3.0,False,5117_01
Europa,False,55 Cancri e,20.0,False,219.26626936829558,2988.0,0.0,419.0,106.0,True,5118_01
Mars,False,TRAPPIST-1e,26.0,False,6.0,0.0,1041.0,303.05244252873564,0.0,False,5119_01
Earth,False,TRAPPIST-1e,18.0,False,0.0,0.0,19.0,746.0,5.0,False,5121_01
Earth,False,PSO J318.5-22,21.0,False,742.0,0.0,15.0,0.0,0.0,False,5123_01
Europa,False,55 Cancri e,26.0,False,219.26626936829558,5824.0,0.0,327.0,1508.0,True,5131_01
Europa,True,55 Cancri e,55.0,False,0.0,0.0,0.0,0.0,0.0,True,5131_02
Mars,False,TRAPPIST-1e,24.0,False,1347.0,0.0,1.0,2.0,7.0,False,5134_01
Earth,False,TRAPPIST-1e,27.0,False,0.0,0.0,70.0,2026.0,13.0,False,5135_01
Earth,False,55 Cancri e,18.0,False,231.0,508.0,594.0,0.0,585.0,False,5139_01
Mars,True,TRAPPIST-1e,20.0,False,0.0,0.0,0.0,0.0,0.0,True,5141_01
Earth,False,TRAPPIST-1e,31.0,False,0.0,820.0,16.0,29.0,2.0,False,5143_01
Earth,False,TRAPPIST-1e,37.0,False,5.0,0.0,849.0,0.0,0.0,True,5147_01
Europa,False,PSO J318.5-22,37.0,True,0.0,16963.0,0.0,11483.0,5220.0,False,5149_01
Europa,True,55 Cancri e,57.0,False,0.0,0.0,0.0,0.0,0.0,True,5149_02
Mars,True,TRAPPIST-1e,39.0,False,0.0,0.0,0.0,0.0,0.0,True,5150_01
Earth,True,TRAPPIST-1e,20.0,False,0.0,0.0,0.0,0.0,0.0,True,5153_01
Mars,False,TRAPPIST-1e,18.0,False,85.0,0.0,683.0,570.0,0.0,False,5155_01
Europa,False,55 Cancri e,29.0,True,47.0,2914.0,0.0,303.05244252873564,259.0,True,5159_01
Europa,False,55 Cancri e,31.0,False,0.0,837.0,0.0,1.0,4102.0,False,5159_02
Europa,True,55 Cancri e,27.0,False,0.0,0.0,0.0,0.0,310.71003097450557,True,5164_01
Europa,True,TRAPPIST-1e,43.0,False,0.0,0.0,0.0,0.0,0.0,True,5164_02
Earth,False,TRAPPIST-1e,28.65814620162446,False,0.0,0.0,27.0,1358.0,0.0,False,5168_01
Mars,False,55 Cancri e,32.0,False,679.0,138.0,4.0,359.0,0.0,False,5169_01
Earth,False,TRAPPIST-1e,19.0,False,0.0,180.0,712.0,0.0,886.0,False,5172_01
Earth,False,TRAPPIST-1e,50.0,False,171.0,537.0,37.0,0.0,3.0,False,5178_01
Earth,False,TRAPPIST-1e,19.0,False,0.0,0.0,717.0,0.0,0.0,True,5183_01
Europa,False,55 Cancri e,44.0,False,0.0,2175.0,0.0,25.0,310.71003097450557,True,5189_01
Europa,False,TRAPPIST-1e,49.0,False,0.0,291.0,0.0,1320.0,2092.0,False,5191_01
Europa,False,55 Cancri e,30.0,False,4.0,92.0,2488.0,2182.0,1210.0,False,5195_01
Earth,False,TRAPPIST-1e,41.0,False,824.0,0.0,0.0,0.0,47.0,False,5200_01
Europa,False,55 Cancri e,34.0,False,0.0,7492.0,25.0,1116.0,3.0,True,5203_01
Europa,True,55 Cancri e,30.0,False,0.0,0.0,0.0,0.0,0.0,True,5203_02
Earth,False,PSO J318.5-22,22.0,False,0.0,305.0,148.0,250.0,134.0,False,5212_01
Europa,False,TRAPPIST-1e,29.0,False,0.0,17.0,0.0,0.0,7312.0,False,5215_01
Mars,True,TRAPPIST-1e,32.0,False,0.0,0.0,0.0,0.0,0.0,True,5219_01
Mars,False,PSO J318.5-22,40.0,False,162.0,0.0,1599.0,303.05244252873564,0.0,True,5219_02
Earth,True,TRAPPIST-1e,50.0,False,0.0,0.0,0.0,0.0,0.0,True,5222_01
Earth,False,PSO J318.5-22,31.0,False,0.0,0.0,0.0,267.0,507.0,False,5228_01
Earth,True,55 Cancri e,1.0,False,219.26626936829558,0.0,0.0,303.05244252873564,0.0,False,5228_02
Earth,False,TRAPPIST-1e,30.0,False,42.0,2.0,1565.0,1961.0,0.0,False,5231_01
Europa,False,55 Cancri e,28.65814620162446,True,4195.0,45.0,0.0,6298.0,438.0,False,5232_01
Europa,False,55 Cancri e,41.0,False,0.0,83.0,0.0,3817.0,1115.0,False,5232_02
Mars,False,TRAPPIST-1e,34.0,False,224.0,0.0,995.0,0.0,0.0,True,5233_01
Mars,True,TRAPPIST-1e,14.0,False,0.0,0.0,0.0,0.0,0.0,True,5237_01
Earth,False,55 Cancri e,13.0,False,1.0,457.0,93.0,23.0,0.0,False,5241_01
Earth,True,PSO J318.5-22,16.0,False,0.0,0.0,0.0,0.0,0.0,True,5241_02
Europa,False,55 Cancri e,25.0,False,0.0,2386.0,0.0,417.0,425.0,True,5245_01
Earth,False,55 Cancri e,17.0,False,68.0,5.0,0.0,692.0,81.0,False,5259_01
Earth,False,TRAPPIST-1e,41.0,False,1673.0,729.0,0.0,303.05244252873564,0.0,False,5261_01
Mars,False,55 Cancri e,28.0,False,1431.0,0.0,39.0,3.0,0.0,False,5263_01
Earth,False,TRAPPIST-1e,3.0,False,0.0,0.0,0.0,0.0,0.0,True,5267_01
Earth,True,TRAPPIST-1e,18.0,False,0.0,0.0,0.0,0.0,0.0,True,5267_02
Earth,False,TRAPPIST-1e,20.0,False,62.0,272.0,1613.0,88.0,41.0,True,5267_03
Earth,True,PSO J318.5-22,32.0,False,0.0,0.0,0.0,0.0,0.0,True,5270_01
Earth,False,PSO J318.5-22,59.0,False,0.0,179.0,225.0,6.0,304.0,False,5283_01
Europa,True,TRAPPIST-1e,52.0,False,0.0,0.0,0.0,0.0,0.0,True,5284_01
Europa,True,TRAPPIST-1e,47.0,False,0.0,0.0,0.0,0.0,0.0,True,5285_01
Europa,False,55 Cancri e,56.0,False,219.26626936829558,1213.0,2.0,3081.0,24.0,False,5286_01
Mars,False,TRAPPIST-1e,24.0,False,54.0,370.0,725.0,0.0,0.0,True,5289_01
Earth,False,TRAPPIST-1e,13.0,False,893.0,0.0,0.0,0.0,0.0,False,5293_01
Earth,False,TRAPPIST-1e,15.0,False,905.0,13.0,43.0,19.0,0.0,False,5293_02
Earth,False,TRAPPIST-1e,40.0,False,0.0,316.0,121.0,434.0,0.0,False,5294_01
Earth,False,55 Cancri e,30.0,False,710.0,29.0,1618.0,3605.0,367.0,False,5295_01
Europa,False,TRAPPIST-1e,25.0,False,0.0,32.0,0.0,2095.0,692.0,False,5296_01
Mars,False,TRAPPIST-1e,10.0,False,0.0,0.0,0.0,0.0,0.0,True,5302_01
Mars,False,55 Cancri e,28.0,False,794.0,0.0,614.0,0.0,0.0,False,5306_01
Mars,False,TRAPPIST-1e,36.0,False,41.0,0.0,3509.0,0.0,0.0,True,5306_02
Earth,False,PSO J318.5-22,12.0,False,0.0,0.0,0.0,0.0,0.0,True,5308_01
Earth,True,TRAPPIST-1e,26.0,False,0.0,0.0,0.0,0.0,0.0,True,5308_02
Earth,False,TRAPPIST-1e,33.0,False,0.0,26.0,70.0,0.0,678.0,False,5308_03
Europa,True,TRAPPIST-1e,42.0,False,0.0,439.4842963318149,0.0,0.0,0.0,True,5309_01
Earth,True,TRAPPIST-1e,31.0,False,0.0,0.0,0.0,0.0,0.0,True,5311_01
Earth,False,TRAPPIST-1e,20.0,False,775.0,3.0,0.0,30.0,0.0,False,5317_01
Earth,True,55 Cancri e,24.0,False,0.0,0.0,0.0,0.0,0.0,True,5317_02
Earth,True,TRAPPIST-1e,37.0,False,0.0,0.0,0.0,0.0,0.0,True,5318_01
Earth,False,TRAPPIST-1e,19.0,False,33.0,1972.0,14.0,0.0,1.0,True,5318_02
Mars,False,TRAPPIST-1e,13.0,False,1082.0,91.0,64.0,0.0,310.71003097450557,False,5319_01
Earth,False,PSO J318.5-22,23.0,False,8.0,0.0,0.0,340.0,310.0,False,5321_01
Earth,False,TRAPPIST-1e,44.0,False,0.0,0.0,0.0,0.0,0.0,False,5324_01
Europa,True,TRAPPIST-1e,36.0,False,0.0,0.0,0.0,0.0,0.0,True,5328_01
Earth,False,TRAPPIST-1e,79.0,False,0.0,53.0,0.0,4.0,1568.0,False,5329_01
Earth,True,PSO J318.5-22,1.0,False,0.0,0.0,0.0,0.0,0.0,True,5329_02
Earth,False,TRAPPIST-1e,12.0,False,0.0,0.0,0.0,0.0,0.0,False,5329_03
Earth,False,TRAPPIST-1e,8.0,False,0.0,0.0,0.0,0.0,0.0,False,5329_04
Earth,False,PSO J318.5-22,45.0,False,0.0,311.0,115.0,4.0,328.0,False,5329_05
Earth,False,TRAPPIST-1e,10.0,False,0.0,0.0,0.0,0.0,0.0,False,5329_06
Earth,False,TRAPPIST-1e,3.0,False,0.0,0.0,0.0,0.0,0.0,True,5329_07
Earth,False,TRAPPIST-1e,37.0,False,24.0,1361.0,0.0,0.0,0.0,True,5332_01
Europa,True,55 Cancri e,43.0,False,0.0,0.0,0.0,0.0,0.0,True,5335_01
Europa,True,TRAPPIST-1e,38.0,False,0.0,0.0,0.0,0.0,0.0,True,5335_02
Europa,False,55 Cancri e,33.0,False,4781.0,4132.0,0.0,4.0,39.0,False,5335_03
Europa,False,55 Cancri e,25.0,False,13.0,3209.0,0.0,24.0,330.0,True,5335_04
Earth,False,TRAPPIST-1e,42.0,False,0.0,3.0,693.0,50.0,0.0,True,5336_01
Earth,False,TRAPPIST-1e,35.0,False,0.0,1046.0,2.0,0.0,0.0,True,5338_01
Europa,False,55 Cancri e,35.0,False,0.0,2301.0,0.0,302.0,728.0,False,5339_01
Europa,False,TRAPPIST-1e,30.0,False,0.0,2895.0,0.0,77.0,26.0,True,5339_02
Europa,True,55 Cancri e,33.0,False,0.0,0.0,0.0,0.0,0.0,True,5339_03
Earth,False,TRAPPIST-1e,30.0,False,641.0,0.0,0.0,0.0,1.0,False,5342_01
Earth,True,PSO J318.5-22,23.0,False,0.0,0.0,0.0,0.0,0.0,True,5349_01
Earth,True,TRAPPIST-1e,13.0,False,0.0,0.0,0.0,0.0,0.0,True,5352_01
Europa,True,TRAPPIST-1e,32.0,False,0.0,0.0,0.0,0.0,0.0,True,5357_01
Europa,True,TRAPPIST-1e,17.0,False,0.0,0.0,0.0,0.0,0.0,True,5357_02
Europa,False,55 Cancri e,37.0,True,1181.0,797.0,0.0,2490.0,1.0,False,5357_03
Europa,False,TRAPPIST-1e,49.0,False,0.0,300.0,0.0,1822.0,349.0,False,5357_04
Europa,False,TRAPPIST-1e,53.0,False,0.0,1634.0,0.0,1.0,503.0,True,5358_01
Earth,True,55 Cancri e,27.0,False,0.0,0.0,177.29552524527398,0.0,0.0,True,5364_01
Mars,False,TRAPPIST-1e,26.0,False,178.0,0.0,1168.0,0.0,0.0,True,5369_01
Mars,False,TRAPPIST-1e,50.0,False,2335.0,2.0,46.0,1.0,0.0,False,5369_02
Mars,True,55 Cancri e,17.0,False,0.0,0.0,0.0,0.0,0.0,True,5369_03
Earth,False,TRAPPIST-1e,22.0,False,0.0,0.0,906.0,303.05244252873564,2.0,False,5370_01
Mars,True,TRAPPIST-1e,8.0,False,0.0,0.0,0.0,0.0,0.0,True,5371_01
Mars,False,TRAPPIST-1e,42.0,False,620.0,0.0,318.0,0.0,16.0,False,5371_02
Mars,True,TRAPPIST-1e,30.0,False,0.0,0.0,0.0,0.0,0.0,True,5371_03
Mars,False,55 Cancri e,4.0,False,0.0,0.0,0.0,0.0,0.0,True,5371_04
Earth,False,TRAPPIST-1e,27.0,False,465.0,0.0,76.0,2.0,883.0,False,5373_01
Europa,True,55 Cancri e,15.0,False,0.0,0.0,0.0,0.0,0.0,True,5376_01
Europa,True,TRAPPIST-1e,38.0,False,0.0,0.0,0.0,0.0,0.0,True,5376_02
Europa,True,55 Cancri e,51.0,False,0.0,0.0,0.0,0.0,0.0,True,5377_01
Mars,False,TRAPPIST-1e,26.0,False,766.0,0.0,145.0,1284.0,170.0,False,5381_01
Europa,True,55 Cancri e,34.0,False,0.0,439.4842963318149,0.0,0.0,0.0,True,5382_01
Europa,True,55 Cancri e,45.0,False,0.0,0.0,0.0,0.0,0.0,True,5382_02
Earth,True,TRAPPIST-1e,18.0,False,0.0,0.0,0.0,0.0,0.0,True,5386_01
Earth,False,PSO J318.5-22,21.0,False,0.0,1.0,0.0,660.0,0.0,False,5391_01
Earth,False,TRAPPIST-1e,23.0,False,744.0,0.0,0.0,16.0,193.0,False,5393_01
Mars,True,TRAPPIST-1e,24.0,False,0.0,0.0,0.0,0.0,0.0,True,5398_01
Earth,False,TRAPPIST-1e,20.0,False,0.0,50.0,50.0,1179.0,3.0,False,5399_01
Earth,True,TRAPPIST-1e,32.0,False,0.0,0.0,0.0,0.0,0.0,True,5400_01
Earth,False,TRAPPIST-1e,22.0,False,0.0,0.0,1.0,1.0,785.0,False,5403_01
Earth,False,TRAPPIST-1e,13.0,False,94.0,0.0,0.0,889.0,0.0,False,5405_01
Mars,False,TRAPPIST-1e,42.0,False,0.0,0.0,0.0,0.0,0.0,False,5407_01
Earth,False,TRAPPIST-1e,19.0,False,0.0,0.0,0.0,791.0,0.0,False,5409_01
Mars,False,TRAPPIST-1e,24.0,False,372.0,439.4842963318149,1.0,0.0,3085.0,False,5417_01
Earth,False,PSO J318.5-22,45.0,False,153.0,111.0,16.0,10.0,488.0,False,5419_01
Earth,False,TRAPPIST-1e,35.0,False,91.0,1797.0,123.0,0.0,163.0,True,5426_01
Earth,False,TRAPPIST-1e,16.0,False,444.0,0.0,1.0,231.0,84.0,False,5428_01
Earth,True,TRAPPIST-1e,16.0,False,0.0,0.0,0.0,0.0,0.0,True,5428_02
Earth,False,TRAPPIST-1e,43.0,False,49.0,20.0,0.0,0.0,1075.0,False,5429_01
Earth,False,TRAPPIST-1e,31.0,False,0.0,8.0,1987.0,0.0,0.0,True,5432_01
Europa,False,TRAPPIST-1e,28.65814620162446,False,0.0,4853.0,0.0,150.0,50.0,True,5433_01
Mars,False,TRAPPIST-1e,22.0,False,1301.0,0.0,545.0,0.0,8.0,False,5439_01
Earth,False,TRAPPIST-1e,48.0,False,0.0,79.0,0.0,4.0,1366.0,False,5442_01
Earth,False,55 Cancri e,20.0,False,557.0,164.0,1.0,0.0,0.0,False,5444_01
Mars,False,TRAPPIST-1e,35.0,False,1400.0,0.0,984.0,0.0,0.0,False,5448_01
Earth,False,55 Cancri e,23.0,False,56.0,272.0,35.0,264.0,0.0,False,5449_01
Earth,False,TRAPPIST-1e,28.0,False,478.0,0.0,202.0,0.0,36.0,False,5456_01
Earth,False,PSO J318.5-22,19.0,False,24.0,1.0,115.0,37.0,479.0,False,5460_01
Europa,False,55 Cancri e,45.0,False,0.0,2570.0,0.0,1510.0,2777.0,False,5461_01
Earth,False,TRAPPIST-1e,16.0,False,41.0,0.0,0.0,1029.0,624.0,False,5464_01
Earth,False,TRAPPIST-1e,3.0,False,0.0,0.0,0.0,0.0,0.0,True,5473_01
Earth,False,PSO J318.5-22,60.0,False,219.26626936829558,0.0,0.0,690.0,0.0,False,5473_02
Europa,True,TRAPPIST-1e,33.0,True,0.0,0.0,0.0,0.0,0.0,True,5481_01
Earth,False,55 Cancri e,25.0,False,5.0,471.0,0.0,1.0,216.0,False,5482_01
Earth,False,TRAPPIST-1e,37.0,False,867.0,6.0,0.0,0.0,0.0,False,5482_02
Mars,False,TRAPPIST-1e,51.0,False,29.0,0.0,1789.0,2.0,0.0,True,5486_01
Earth,True,55 Cancri e,29.0,False,0.0,0.0,0.0,0.0,0.0,True,5493_01
Mars,True,TRAPPIST-1e,39.0,False,0.0,0.0,0.0,0.0,0.0,True,5495_01
Earth,True,TRAPPIST-1e,29.0,False,0.0,0.0,0.0,0.0,0.0,True,5498_01
Earth,True,TRAPPIST-1e,27.0,False,0.0,0.0,0.0,0.0,0.0,True,5498_02
Earth,False,TRAPPIST-1e,38.0,False,0.0,2016.0,0.0,4.0,0.0,True,5502_01
Earth,False,TRAPPIST-1e,13.0,False,1601.0,1.0,0.0,1.0,0.0,False,5503_01
Earth,False,TRAPPIST-1e,33.0,False,588.0,1.0,0.0,2.0,64.0,False,5505_01
Earth,False,TRAPPIST-1e,45.0,False,0.0,0.0,0.0,0.0,0.0,False,5505_02
Earth,False,55 Cancri e,0.0,False,0.0,0.0,0.0,0.0,310.71003097450557,True,5505_03
Earth,True,PSO J318.5-22,18.0,False,0.0,0.0,0.0,0.0,0.0,True,5513_01
Earth,True,TRAPPIST-1e,0.0,False,0.0,0.0,0.0,0.0,0.0,True,5513_02
Earth,False,TRAPPIST-1e,38.0,False,28.0,0.0,0.0,696.0,0.0,False,5513_03
Earth,False,55 Cancri e,0.0,False,0.0,0.0,0.0,303.05244252873564,0.0,True,5513_04
Earth,False,55 Cancri e,21.0,False,0.0,0.0,9.0,0.0,630.0,False,5516_01
Europa,False,55 Cancri e,56.0,False,166.0,1006.0,0.0,1729.0,16.0,False,5518_01
Europa,False,TRAPPIST-1e,38.0,False,0.0,374.0,223.0,629.0,78.0,False,5519_01
Mars,False,TRAPPIST-1e,35.0,False,221.0,10.0,361.0,16.0,8.0,False,5525_01
Earth,False,55 Cancri e,34.0,False,0.0,12.0,706.0,1.0,0.0,True,5532_01
Earth,False,TRAPPIST-1e,15.0,False,4.0,0.0,0.0,697.0,43.0,False,5533_01
Earth,False,PSO J318.5-22,22.0,False,0.0,225.0,117.0,0.0,317.0,False,5534_01
Mars,False,TRAPPIST-1e,28.0,False,2287.0,0.0,276.0,16.0,0.0,False,5542_01
Earth,True,TRAPPIST-1e,18.0,False,0.0,0.0,0.0,0.0,0.0,True,5547_01
Europa,False,55 Cancri e,47.0,False,0.0,2882.0,0.0,324.0,603.0,True,5548_01
Europa,True,TRAPPIST-1e,23.0,False,0.0,0.0,0.0,0.0,0.0,True,5549_01
Mars,True,TRAPPIST-1e,44.0,False,0.0,0.0,0.0,0.0,0.0,True,5553_01
Mars,False,TRAPPIST-1e,18.0,False,163.0,0.0,1079.0,0.0,0.0,True,5553_02
Earth,True,TRAPPIST-1e,21.0,False,0.0,0.0,177.29552524527398,0.0,0.0,True,5554_01
Mars,False,TRAPPIST-1e,65.0,False,1004.0,0.0,108.0,47.0,22.0,False,5558_01
Europa,True,TRAPPIST-1e,18.0,False,0.0,0.0,0.0,0.0,0.0,True,5562_01
Europa,True,55 Cancri e,27.0,False,0.0,0.0,0.0,0.0,0.0,True,5562_02
Earth,False,TRAPPIST-1e,16.0,False,641.0,0.0,0.0,118.0,814.0,False,5564_01
Earth,False,TRAPPIST-1e,17.0,False,17.0,275.0,0.0,616.0,0.0,False,5565_01
Earth,False,TRAPPIST-1e,19.0,False,1237.0,0.0,0.0,0.0,7.0,False,5567_01
Earth,True,PSO J318.5-22,33.0,False,0.0,0.0,0.0,0.0,0.0,True,5570_01
Earth,False,TRAPPIST-1e,20.0,False,296.0,0.0,397.0,0.0,1.0,False,5576_01
Earth,True,PSO J318.5-22,10.0,False,0.0,0.0,0.0,0.0,0.0,True,5577_01
Earth,False,TRAPPIST-1e,6.0,False,0.0,0.0,0.0,0.0,310.71003097450557,False,5577_02
Earth,True,TRAPPIST-1e,0.0,False,0.0,0.0,0.0,0.0,0.0,True,5577_03
Earth,True,TRAPPIST-1e,0.0,False,0.0,439.4842963318149,0.0,0.0,0.0,True,5577_04
Earth,True,TRAPPIST-1e,4.0,False,0.0,0.0,0.0,0.0,0.0,True,5577_05
Europa,True,TRAPPIST-1e,28.65814620162446,False,0.0,0.0,0.0,0.0,0.0,True,5579_01
Mars,True,TRAPPIST-1e,27.0,False,0.0,0.0,0.0,0.0,0.0,True,5584_01
Mars,False,55 Cancri e,54.0,False,2083.0,0.0,21.0,0.0,0.0,False,5584_02
Mars,False,TRAPPIST-1e,24.0,False,18.0,25.0,0.0,0.0,1256.0,False,5588_01
Mars,True,TRAPPIST-1e,47.0,False,0.0,0.0,0.0,0.0,0.0,True,5588_02
Mars,True,TRAPPIST-1e,16.0,False,0.0,0.0,0.0,0.0,0.0,True,5588_03
Earth,False,TRAPPIST-1e,59.0,False,4.0,10.0,1143.0,0.0,0.0,True,5588_04
Mars,True,TRAPPIST-1e,31.0,False,0.0,0.0,0.0,0.0,0.0,True,5588_05
Mars,True,TRAPPIST-1e,28.0,False,0.0,0.0,0.0,0.0,0.0,True,5590_01
Earth,False,TRAPPIST-1e,23.0,False,219.26626936829558,0.0,0.0,0.0,809.0,False,5593_01
Earth,False,55 Cancri e,19.0,False,0.0,680.0,0.0,7.0,0.0,True,5597_01
Earth,True,PSO J318.5-22,18.0,False,0.0,0.0,0.0,0.0,0.0,True,5600_01
Mars,False,PSO J318.5-22,28.0,False,394.0,35.0,217.0,0.0,0.0,False,5604_01
Earth,False,TRAPPIST-1e,13.0,False,730.0,0.0,402.0,0.0,0.0,False,5605_01
Mars,True,TRAPPIST-1e,33.0,False,0.0,0.0,0.0,0.0,0.0,True,5607_01
Earth,True,TRAPPIST-1e,28.0,False,0.0,0.0,0.0,0.0,0.0,True,5612_01
Earth,False,TRAPPIST-1e,17.0,False,2109.0,0.0,0.0,0.0,41.0,False,5617_01
Mars,False,TRAPPIST-1e,36.0,True,79.0,0.0,1220.0,0.0,0.0,True,5620_01
Mars,False,TRAPPIST-1e,29.0,True,1221.0,0.0,460.0,0.0,0.0,False,5620_02
Earth,False,TRAPPIST-1e,18.0,False,0.0,0.0,0.0,470.0,340.0,False,5621_01
Earth,True,TRAPPIST-1e,37.0,False,0.0,0.0,0.0,0.0,310.71003097450557,True,5624_01
Europa,False,TRAPPIST-1e,36.0,False,0.0,0.0,0.0,0.0,0.0,True,5630_01
Europa,True,TRAPPIST-1e,44.0,False,0.0,0.0,0.0,0.0,0.0,True,5632_01
Earth,False,TRAPPIST-1e,21.0,False,733.0,8.0,130.0,0.0,61.0,False,5633_01
Mars,False,TRAPPIST-1e,20.0,False,270.0,1.0,2127.0,0.0,181.0,True,5634_01
Earth,False,TRAPPIST-1e,45.0,False,838.0,5.0,0.0,153.0,0.0,False,5635_01
Earth,False,TRAPPIST-1e,28.0,False,0.0,76.0,0.0,5.0,909.0,False,5636_01
Earth,True,TRAPPIST-1e,20.0,False,0.0,0.0,0.0,0.0,0.0,True,5638_01
Earth,True,TRAPPIST-1e,18.0,False,0.0,0.0,0.0,0.0,0.0,True,5641_01
Mars,True,55 Cancri e,28.65814620162446,False,0.0,0.0,0.0,0.0,0.0,True,5649_01
Earth,False,TRAPPIST-1e,19.0,False,787.0,2.0,20.0,0.0,0.0,False,5654_01
Earth,False,PSO J318.5-22,27.0,False,0.0,0.0,632.0,53.0,7.0,True,5656_01
Europa,False,55 Cancri e,26.0,False,0.0,0.0,6.0,2567.0,2273.0,False,5657_01
Mars,False,TRAPPIST-1e,29.0,False,921.0,0.0,632.0,705.0,1.0,False,5658_01
Mars,False,TRAPPIST-1e,18.0,False,113.0,0.0,0.0,117.0,817.0,False,5660_01
Earth,False,TRAPPIST-1e,12.0,False,0.0,0.0,0.0,0.0,0.0,False,5664_01
Earth,False,TRAPPIST-1e,0.0,False,0.0,0.0,0.0,0.0,0.0,True,5664_02
Earth,False,TRAPPIST-1e,2.0,False,0.0,0.0,0.0,0.0,0.0,True,5664_03
Earth,False,55 Cancri e,16.0,False,0.0,642.0,72.0,0.0,3.0,True,5664_04
Earth,False,TRAPPIST-1e,17.0,False,18.0,2.0,0.0,0.0,1020.0,False,5665_01
Mars,False,TRAPPIST-1e,20.0,False,1864.0,0.0,207.0,0.0,310.71003097450557,False,5666_01
Europa,True,TRAPPIST-1e,30.0,False,0.0,0.0,0.0,0.0,0.0,True,5668_01
Earth,True,TRAPPIST-1e,20.0,False,0.0,0.0,0.0,0.0,0.0,True,5669_01
Earth,True,PSO J318.5-22,31.0,False,0.0,0.0,0.0,0.0,0.0,True,5670_01
Earth,True,TRAPPIST-1e,13.0,False,0.0,0.0,0.0,0.0,0.0,True,5672_01
Earth,False,55 Cancri e,23.0,False,7.0,0.0,651.0,0.0,0.0,True,5675_01
Earth,False,TRAPPIST-1e,19.0,False,0.0,0.0,0.0,0.0,0.0,False,5676_01
Mars,True,TRAPPIST-1e,18.0,False,0.0,0.0,0.0,0.0,0.0,True,5678_01
Mars,True,TRAPPIST-1e,50.0,False,0.0,0.0,0.0,0.0,0.0,True,5678_02
Europa,False,55 Cancri e,43.0,False,0.0,4048.0,0.0,492.0,310.71003097450557,True,5682_01
Mars,False,TRAPPIST-1e,52.0,False,584.0,0.0,97.0,0.0,604.0,False,5683_01
Mars,False,TRAPPIST-1e,24.0,False,1163.0,439.4842963318149,1.0,0.0,124.0,False,5690_01
Mars,True,TRAPPIST-1e,46.0,False,0.0,0.0,0.0,0.0,0.0,True,5691_01
Europa,True,TRAPPIST-1e,25.0,False,0.0,0.0,0.0,0.0,0.0,True,5694_01
Earth,False,TRAPPIST-1e,53.0,False,176.0,1.0,843.0,8.0,0.0,True,5697_01
Earth,False,TRAPPIST-1e,17.0,False,0.0,1453.0,18.0,1108.0,23.0,False,5699_01
Earth,False,TRAPPIST-1e,29.0,False,355.0,0.0,706.0,0.0,3.0,True,5703_01
Earth,True,TRAPPIST-1e,26.0,False,0.0,0.0,0.0,0.0,310.71003097450557,True,5708_01
Europa,False,TRAPPIST-1e,35.0,False,0.0,1220.0,1156.0,34.0,105.0,True,5715_01
Europa,False,TRAPPIST-1e,51.0,False,0.0,3247.0,0.0,8.0,634.0,True,5715_02
Earth,False,TRAPPIST-1e,20.0,False,0.0,755.0,700.0,116.0,31.0,True,5720_01
Earth,False,TRAPPIST-1e,19.0,False,8.0,1.0,613.0,303.05244252873564,10.0,True,5720_02
Mars,False,TRAPPIST-1e,59.0,False,3513.0,0.0,2.0,25.0,9.0,False,5731_01
Mars,False,TRAPPIST-1e,23.0,False,60.0,0.0,946.0,0.0,0.0,True,5731_02
Mars,True,TRAPPIST-1e,22.0,False,0.0,0.0,0.0,0.0,0.0,True,5734_01
Mars,False,TRAPPIST-1e,21.0,False,170.0,0.0,63.0,385.0,554.0,False,5734_02
Earth,False,TRAPPIST-1e,25.0,False,0.0,0.0,0.0,1.0,1994.0,False,5741_01
Earth,False,TRAPPIST-1e,23.0,False,1.0,4.0,0.0,636.0,3.0,False,5743_01
Earth,True,55 Cancri e,15.0,False,0.0,0.0,0.0,0.0,0.0,True,5745_01
Mars,False,PSO J318.5-22,20.0,False,686.0,0.0,0.0,25.0,0.0,False,5749_01
Earth,False,55 Cancri e,22.0,False,0.0,0.0,457.0,47.0,1504.0,False,5752_01
Earth,False,TRAPPIST-1e,20.0,False,467.0,24.0,0.0,271.0,0.0,False,5753_01
Europa,False,TRAPPIST-1e,35.0,False,37.0,4.0,0.0,2690.0,1304.0,False,5754_01
Earth,True,TRAPPIST-1e,41.0,False,0.0,0.0,0.0,0.0,0.0,True,5759_01
Earth,False,TRAPPIST-1e,18.0,False,467.0,941.0,0.0,0.0,0.0,False,5760_01
Earth,False,PSO J318.5-22,40.0,False,0.0,0.0,88.0,375.0,55.0,False,5762_01
Mars,True,TRAPPIST-1e,25.0,False,0.0,0.0,0.0,0.0,0.0,True,5766_01
Europa,False,55 Cancri e,31.0,False,103.0,9004.0,0.0,2.0,1.0,True,5770_01
Earth,False,TRAPPIST-1e,47.0,False,0.0,0.0,228.0,0.0,561.0,False,5774_01
Mars,True,TRAPPIST-1e,29.0,False,0.0,0.0,0.0,0.0,0.0,True,5775_01
Earth,False,PSO J318.5-22,28.65814620162446,False,0.0,0.0,9.0,21.0,505.0,False,5782_01
Earth,False,TRAPPIST-1e,18.0,False,693.0,0.0,1.0,0.0,0.0,False,5782_02
Earth,False,TRAPPIST-1e,19.0,False,0.0,725.0,0.0,20.0,0.0,True,5782_03
Earth,True,TRAPPIST-1e,50.0,False,0.0,0.0,0.0,0.0,0.0,True,5782_04
Earth,False,TRAPPIST-1e,26.0,False,0.0,1666.0,62.0,36.0,0.0,True,5784_01
Earth,False,TRAPPIST-1e,29.0,False,0.0,179.0,844.0,668.0,1.0,False,5787_01
Earth,True,TRAPPIST-1e,14.0,False,0.0,0.0,0.0,0.0,0.0,True,5787_02
Earth,False,TRAPPIST-1e,14.0,False,1.0,804.0,0.0,8.0,65.0,False,5787_03
Earth,False,55 Cancri e,0.0,False,0.0,0.0,0.0,0.0,0.0,True,5789_01
Earth,True,PSO J318.5-22,34.0,False,0.0,0.0,0.0,0.0,0.0,True,5789_02
Europa,True,55 Cancri e,23.0,False,0.0,0.0,0.0,0.0,0.0,True,5797_01
Earth,False,TRAPPIST-1e,24.0,False,203.0,0.0,154.0,84.0,310.71003097450557,False,5798_01
Earth,False,TRAPPIST-1e,39.0,False,0.0,282.0,33.0,19.0,310.71003097450557,False,5801_01
Earth,True,TRAPPIST-1e,22.0,False,0.0,0.0,0.0,0.0,0.0,True,5803_01
Earth,False,TRAPPIST-1e,23.0,False,1723.0,0.0,2.0,0.0,0.0,False,5805_01
Earth,False,TRAPPIST-1e,26.0,False,605.0,0.0,35.0,424.0,0.0,False,5807_01
Europa,False,TRAPPIST-1e,28.0,False,0.0,2703.0,327.0,3048.0,50.0,False,5815_01
Europa,False,TRAPPIST-1e,42.0,False,0.0,194.0,0.0,2146.0,213.0,False,5815_02
Europa,False,55 Cancri e,37.0,False,369.0,1166.0,1.0,284.0,1273.0,False,5815_03
Europa,False,55 Cancri e,45.0,False,0.0,595.0,0.0,19844.0,48.0,False,5815_04
Earth,False,TRAPPIST-1e,21.0,False,0.0,729.0,3074.0,2.0,373.0,True,5830_01
Earth,False,TRAPPIST-1e,42.0,False,129.0,0.0,14.0,580.0,0.0,False,5832_01
Mars,False,TRAPPIST-1e,20.0,False,49.0,0.0,993.0,6.0,0.0,True,5833_01
Earth,False,TRAPPIST-1e,61.0,False,9.0,695.0,0.0,1.0,0.0,True,5838_01
Mars,False,TRAPPIST-1e,0.0,False,0.0,0.0,0.0,0.0,0.0,True,5841_01
Mars,True,TRAPPIST-1e,3.0,False,0.0,0.0,0.0,0.0,0.0,True,5841_02
Earth,True,TRAPPIST-1e,18.0,False,0.0,0.0,0.0,303.05244252873564,0.0,True,5841_03
Earth,True,PSO J318.5-22,44.0,False,0.0,0.0,0.0,0.0,0.0,True,5845_01
Europa,True,55 Cancri e,50.0,False,0.0,0.0,0.0,0.0,0.0,True,5850_01
Mars,False,TRAPPIST-1e,18.0,False,889.0,57.0,177.29552524527398,0.0,0.0,False,5851_01
Mars,False,TRAPPIST-1e,0.0,False,0.0,0.0,0.0,0.0,0.0,True,5851_02
Earth,False,TRAPPIST-1e,58.0,False,0.0,14.0,0.0,871.0,0.0,False,5853_01
Earth,False,55 Cancri e,50.0,False,676.0,78.0,0.0,55.0,0.0,False,5862_01
Earth,False,55 Cancri e,43.0,False,0.0,573.0,0.0,10.0,154.0,False,5864_01
Earth,False,TRAPPIST-1e,21.0,False,0.0,2914.0,0.0,625.0,1986.0,False,5865_01
Earth,False,55 Cancri e,30.0,False,1.0,627.0,0.0,0.0,0.0,True,5866_01
Earth,True,TRAPPIST-1e,20.0,False,0.0,0.0,0.0,0.0,0.0,True,5870_01
Earth,False,TRAPPIST-1e,24.0,False,0.0,805.0,23.0,0.0,0.0,True,5872_01
Earth,False,TRAPPIST-1e,24.0,False,0.0,0.0,12.0,161.0,735.0,False,5873_01
Earth,True,TRAPPIST-1e,37.0,False,0.0,0.0,0.0,0.0,0.0,True,5873_02
Earth,False,TRAPPIST-1e,21.0,False,0.0,0.0,0.0,639.0,3.0,False,5873_03
Europa,True,TRAPPIST-1e,48.0,False,0.0,0.0,0.0,0.0,0.0,True,5881_01
Europa,True,TRAPPIST-1e,33.0,False,0.0,0.0,0.0,0.0,0.0,True,5883_01
Earth,False,TRAPPIST-1e,21.0,False,0.0,351.0,61.0,152.0,0.0,False,5884_01
Earth,False,TRAPPIST-1e,21.0,False,1664.0,185.0,807.0,1311.0,0.0,False,5892_01
Earth,False,TRAPPIST-1e,13.0,False,645.0,0.0,3.0,281.0,12.0,False,5893_01
Earth,False,TRAPPIST-1e,5.0,False,0.0,0.0,0.0,0.0,0.0,True,5893_02
Earth,False,TRAPPIST-1e,24.0,False,15.0,6.0,6.0,2624.0,0.0,False,5895_01
Earth,False,TRAPPIST-1e,37.0,False,40.0,7.0,655.0,0.0,0.0,True,5896_01
Earth,False,TRAPPIST-1e,23.0,False,0.0,0.0,9.0,822.0,3.0,False,5899_01
Mars,True,TRAPPIST-1e,35.0,False,0.0,0.0,0.0,0.0,0.0,True,5904_01
Mars,False,TRAPPIST-1e,24.0,False,43.0,42.0,56.0,1799.0,0.0,False,5904_02
Mars,False,55 Cancri e,20.0,False,91.0,218.0,1351.0,4.0,977.0,False,5910_01
Earth,False,55 Cancri e,0.0,False,0.0,0.0,177.29552524527398,0.0,0.0,True,5911_01
Earth,False,TRAPPIST-1e,64.0,False,696.0,0.0,0.0,104.0,0.0,False,5911_02
Earth,False,TRAPPIST-1e,31.0,False,2780.0,84.0,0.0,112.0,0.0,False,5911_03
Earth,False,PSO J318.5-22,6.0,False,0.0,0.0,0.0,0.0,0.0,True,5911_04
Earth,False,TRAPPIST-1e,3.0,False,0.0,0.0,0.0,303.05244252873564,0.0,False,5911_05
Earth,True,PSO J318.5-22,10.0,False,0.0,0.0,0.0,0.0,0.0,True,5911_06
Earth,True,TRAPPIST-1e,19.0,False,0.0,0.0,0.0,0.0,0.0,True,5914_01
Earth,True,PSO J318.5-22,19.0,False,219.26626936829558,0.0,0.0,0.0,0.0,True,5917_01
Earth,True,TRAPPIST-1e,46.0,False,0.0,0.0,0.0,0.0,0.0,True,5918_01
Earth,True,TRAPPIST-1e,25.0,False,0.0,0.0,0.0,0.0,0.0,True,5926_01
Earth,False,TRAPPIST-1e,27.0,False,0.0,231.0,478.0,0.0,38.0,True,5929_01
Earth,False,55 Cancri e,23.0,False,0.0,172.0,0.0,0.0,516.0,False,5932_01
Earth,False,TRAPPIST-1e,20.0,False,38.0,91.0,141.0,147.0,386.0,False,5935_01
Europa,True,TRAPPIST-1e,24.0,False,0.0,0.0,0.0,0.0,0.0,True,5936_01
Europa,True,55 Cancri e,50.0,False,0.0,0.0,0.0,0.0,0.0,True,5936_02
Europa,False,TRAPPIST-1e,44.0,False,0.0,805.0,1.0,5387.0,68.0,False,5936_03
Europa,False,TRAPPIST-1e,28.0,False,0.0,3543.0,0.0,0.0,897.0,True,5936_04
Europa,False,TRAPPIST-1e,25.0,True,0.0,1220.0,2646.0,4018.0,4435.0,False,5936_05
Earth,True,55 Cancri e,14.0,False,0.0,0.0,0.0,0.0,0.0,True,5937_01
Earth,False,PSO J318.5-22,21.0,False,0.0,0.0,0.0,50.0,485.0,False,5940_01
Europa,True,TRAPPIST-1e,16.0,False,0.0,0.0,0.0,0.0,0.0,True,5942_01
Europa,True,55 Cancri e,25.0,False,0.0,0.0,0.0,0.0,0.0,True,5942_02
Mars,False,TRAPPIST-1e,41.0,False,518.0,0.0,983.0,795.0,433.0,False,5943_01
Mars,False,TRAPPIST-1e,20.0,False,799.0,0.0,571.0,9.0,0.0,False,5948_01
Earth,False,PSO J318.5-22,24.0,False,0.0,0.0,470.0,142.0,0.0,True,5958_01
Europa,True,55 Cancri e,31.0,False,0.0,0.0,0.0,0.0,0.0,True,5961_01
Europa,True,55 Cancri e,23.0,False,0.0,0.0,0.0,0.0,0.0,True,5961_02
Earth,False,TRAPPIST-1e,54.0,False,4.0,88.0,783.0,0.0,32.0,True,5962_01
Europa,True,55 Cancri e,26.0,False,0.0,0.0,0.0,0.0,0.0,True,5964_01
Europa,True,TRAPPIST-1e,49.0,True,0.0,0.0,0.0,0.0,310.71003097450557,True,5964_02
Earth,False,55 Cancri e,0.0,False,0.0,0.0,0.0,0.0,0.0,True,5966_01
Earth,True,55 Cancri e,17.0,False,0.0,0.0,0.0,0.0,0.0,True,5966_02
Earth,False,TRAPPIST-1e,22.0,False,934.0,11.0,2.0,1.0,0.0,False,5978_01
Earth,False,TRAPPIST-1e,11.0,False,0.0,0.0,0.0,0.0,0.0,False,5978_02
Mars,True,55 Cancri e,28.0,False,0.0,0.0,0.0,0.0,0.0,True,5979_01
Earth,False,TRAPPIST-1e,17.0,False,0.0,0.0,0.0,898.0,1.0,False,5982_01
Earth,True,TRAPPIST-1e,47.0,False,0.0,0.0,0.0,0.0,0.0,True,5996_01
Mars,False,55 Cancri e,29.0,False,171.0,490.0,519.0,0.0,0.0,True,5997_01
Mars,True,TRAPPIST-1e,46.0,False,0.0,0.0,0.0,0.0,0.0,True,5997_02
Mars,True,TRAPPIST-1e,66.0,False,0.0,0.0,0.0,0.0,0.0,True,6002_01
Earth,False,TRAPPIST-1e,0.0,False,0.0,0.0,0.0,0.0,0.0,True,6005_01
Earth,False,TRAPPIST-1e,5.0,False,0.0,0.0,0.0,0.0,0.0,True,6005_02
Earth,False,TRAPPIST-1e,1.0,False,0.0,0.0,0.0,0.0,0.0,True,6005_03
Earth,False,TRAPPIST-1e,42.0,False,1.0,0.0,11.0,1185.0,4326.0,False,6005_04
Earth,True,TRAPPIST-1e,5.0,False,0.0,0.0,0.0,0.0,0.0,True,6005_05
Europa,False,TRAPPIST-1e,28.65814620162446,False,0.0,338.0,0.0,113.0,2887.0,False,6009_01
Europa,False,TRAPPIST-1e,41.0,False,0.0,1954.0,318.0,2554.0,724.0,False,6009_02
Mars,False,TRAPPIST-1e,30.0,False,249.0,0.0,269.0,223.0,717.0,False,6012_01
Earth,True,TRAPPIST-1e,26.0,False,0.0,0.0,0.0,0.0,0.0,True,6013_01
Earth,False,TRAPPIST-1e,16.0,False,780.0,6.0,273.0,48.0,0.0,False,6018_01
Earth,True,TRAPPIST-1e,22.0,False,0.0,0.0,0.0,0.0,0.0,True,6021_01
Earth,False,55 Cancri e,20.0,False,0.0,76.0,3.0,0.0,492.0,False,6023_01
Earth,True,PSO J318.5-22,44.0,False,0.0,0.0,0.0,0.0,0.0,True,6037_01
Earth,False,TRAPPIST-1e,36.0,False,42.0,27.0,217.0,12.0,803.0,False,6044_01
Earth,False,PSO J318.5-22,6.0,False,0.0,0.0,0.0,0.0,0.0,True,6044_02
Earth,False,PSO J318.5-22,13.0,False,1.0,154.0,486.0,43.0,0.0,True,6046_01
Mars,True,TRAPPIST-1e,22.0,False,0.0,0.0,0.0,0.0,0.0,True,6050_01
Mars,False,TRAPPIST-1e,69.0,False,7407.0,0.0,0.0,0.0,0.0,False,6051_01
Mars,False,TRAPPIST-1e,40.0,False,1102.0,512.0,156.0,8.0,0.0,False,6051_02
Earth,False,PSO J318.5-22,46.0,False,0.0,9.0,0.0,0.0,527.0,False,6053_01
Mars,False,TRAPPIST-1e,34.0,False,1139.0,0.0,0.0,1460.0,0.0,False,6056_01
Earth,False,TRAPPIST-1e,39.0,False,51.0,322.0,1066.0,69.0,0.0,True,6057_01
Mars,False,TRAPPIST-1e,37.0,False,1517.0,439.4842963318149,2104.0,0.0,147.0,False,6060_01
Earth,True,55 Cancri e,13.0,False,0.0,0.0,0.0,0.0,0.0,True,6063_01
Earth,False,55 Cancri e,20.0,False,0.0,141.0,0.0,0.0,581.0,False,6072_01
Mars,False,TRAPPIST-1e,28.0,False,283.0,521.0,978.0,0.0,0.0,True,6074_01
Mars,True,TRAPPIST-1e,54.0,False,0.0,0.0,0.0,0.0,0.0,True,6074_02
Mars,False,TRAPPIST-1e,9.0,False,0.0,0.0,0.0,0.0,0.0,True,6074_03
Earth,False,TRAPPIST-1e,61.0,False,0.0,1425.0,928.0,62.0,0.0,True,6078_01
Earth,True,TRAPPIST-1e,18.0,False,0.0,0.0,0.0,0.0,0.0,True,6079_01
Earth,True,TRAPPIST-1e,28.65814620162446,False,0.0,0.0,0.0,0.0,0.0,True,6081_01
Mars,False,TRAPPIST-1e,24.0,False,382.0,0.0,659.0,0.0,0.0,False,6081_02
Mars,True,TRAPPIST-1e,24.0,False,0.0,0.0,0.0,0.0,0.0,True,6081_03
Mars,False,TRAPPIST-1e,0.0,False,0.0,0.0,0.0,0.0,0.0,True,6081_04
Earth,False,55 Cancri e,30.0,False,291.0,0.0,0.0,889.0,157.0,False,6083_01
Earth,False,PSO J318.5-22,28.65814620162446,False,31.0,536.0,595.0,33.0,0.0,True,6084_01
Earth,False,TRAPPIST-1e,26.0,False,106.0,1163.0,177.29552524527398,2.0,0.0,True,6088_01
Earth,True,TRAPPIST-1e,26.0,False,0.0,0.0,0.0,0.0,0.0,True,6089_01
Earth,True,TRAPPIST-1e,3.0,False,219.26626936829558,0.0,0.0,0.0,0.0,True,6093_01
Earth,False,TRAPPIST-1e,30.0,False,53.0,495.0,0.0,0.0,240.0,False,6097_01
Mars,False,TRAPPIST-1e,51.0,False,0.0,223.0,864.0,13.0,208.0,True,6100_01
Mars,True,TRAPPIST-1e,36.0,False,0.0,0.0,0.0,0.0,0.0,True,6104_01
Earth,False,TRAPPIST-1e,18.0,False,0.0,0.0,0.0,0.0,1624.0,False,6113_01
Earth,False,TRAPPIST-1e,27.0,False,698.0,0.0,0.0,0.0,0.0,False,6114_01
Mars,True,TRAPPIST-1e,36.0,False,0.0,0.0,0.0,0.0,0.0,True,6119_01
Earth,False,TRAPPIST-1e,39.0,False,77.0,1.0,968.0,2.0,0.0,True,6119_02
Mars,True,TRAPPIST-1e,17.0,False,0.0,0.0,0.0,0.0,0.0,True,6119_03
Earth,False,TRAPPIST-1e,24.0,False,36.0,0.0,0.0,212.0,863.0,False,6125_01
Mars,False,TRAPPIST-1e,14.0,False,877.0,9.0,34.0,94.0,0.0,False,6129_01
Mars,False,PSO J318.5-22,25.0,False,1049.0,0.0,831.0,0.0,0.0,False,6131_01
Earth,False,TRAPPIST-1e,35.0,False,0.0,439.4842963318149,1090.0,0.0,0.0,True,6134_01
Mars,False,TRAPPIST-1e,17.0,False,0.0,0.0,0.0,0.0,0.0,False,6140_01
Europa,False,55 Cancri e,45.0,False,0.0,6962.0,0.0,883.0,3234.0,False,6142_01
Europa,True,TRAPPIST-1e,35.0,False,0.0,0.0,0.0,0.0,0.0,True,6142_02
Earth,True,TRAPPIST-1e,19.0,False,0.0,0.0,0.0,0.0,0.0,True,6144_01
Earth,False,PSO J318.5-22,28.65814620162446,False,0.0,0.0,0.0,498.0,0.0,False,6147_01
Europa,False,TRAPPIST-1e,33.0,False,0.0,187.0,0.0,2758.0,564.0,False,6151_01
Europa,True,TRAPPIST-1e,22.0,False,0.0,0.0,0.0,0.0,0.0,True,6151_02
Earth,True,55 Cancri e,32.0,False,0.0,0.0,0.0,0.0,0.0,True,6154_01
Earth,False,55 Cancri e,25.0,False,0.0,0.0,233.0,63.0,340.0,False,6159_01
Earth,False,TRAPPIST-1e,26.0,False,49.0,11.0,177.29552524527398,38.0,4.0,False,6160_01
Earth,True,TRAPPIST-1e,21.0,False,0.0,0.0,0.0,0.0,0.0,True,6160_02
Earth,True,55 Cancri e,49.0,False,0.0,0.0,0.0,0.0,0.0,True,6161_01
Earth,False,TRAPPIST-1e,26.0,False,219.26626936829558,4157.0,19.0,0.0,0.0,True,6164_01
Earth,False,55 Cancri e,20.0,False,0.0,2.0,1442.0,0.0,0.0,True,6165_01
Europa,False,55 Cancri e,28.0,False,90.0,1539.0,0.0,27.0,5611.0,False,6177_01
Earth,False,TRAPPIST-1e,35.0,False,30.0,4.0,525.0,1063.0,0.0,False,6183_01
Europa,False,55 Cancri e,66.0,False,0.0,1029.0,177.29552524527398,1192.0,16514.0,False,6185_01
Mars,True,TRAPPIST-1e,47.0,False,0.0,0.0,0.0,0.0,0.0,True,6187_01
Earth,True,TRAPPIST-1e,25.0,False,0.0,0.0,0.0,0.0,0.0,True,6188_01
Earth,False,PSO J318.5-22,23.0,False,0.0,1153.0,0.0,26.0,0.0,True,6190_01
Mars,True,TRAPPIST-1e,19.0,False,219.26626936829558,0.0,0.0,0.0,0.0,True,6193_01
Mars,False,TRAPPIST-1e,8.0,False,0.0,0.0,0.0,0.0,0.0,True,6193_02
Mars,False,TRAPPIST-1e,42.0,False,1343.0,12.0,190.0,160.0,0.0,False,6193_03
Mars,False,TRAPPIST-1e,33.0,False,711.0,12.0,1896.0,0.0,0.0,True,6193_04
Earth,False,TRAPPIST-1e,29.0,False,870.0,0.0,1.0,0.0,0.0,False,6195_01
Europa,True,TRAPPIST-1e,63.0,False,0.0,0.0,0.0,0.0,0.0,True,6196_01
Earth,True,PSO J318.5-22,24.0,False,0.0,0.0,0.0,0.0,0.0,True,6197_01
Mars,False,TRAPPIST-1e,62.0,False,500.0,0.0,123.0,0.0,0.0,False,6198_01
Earth,False,55 Cancri e,28.65814620162446,False,89.0,679.0,0.0,2.0,1.0,True,6202_01
Europa,False,TRAPPIST-1e,52.0,False,0.0,12350.0,0.0,13983.0,1515.0,False,6203_01
Earth,False,TRAPPIST-1e,23.0,False,4.0,1754.0,0.0,0.0,0.0,True,6204_01
Europa,False,55 Cancri e,47.0,False,0.0,13.0,0.0,28.0,10587.0,False,6209_01
Europa,True,55 Cancri e,50.0,False,0.0,0.0,0.0,0.0,0.0,True,6209_02
Europa,True,TRAPPIST-1e,32.0,False,0.0,0.0,0.0,303.05244252873564,0.0,True,6210_01
Earth,True,TRAPPIST-1e,33.0,False,0.0,0.0,0.0,0.0,0.0,True,6212_01
Earth,False,TRAPPIST-1e,26.0,False,0.0,0.0,644.0,28.0,0.0,True,6214_01
Europa,True,TRAPPIST-1e,20.0,False,0.0,0.0,0.0,0.0,0.0,True,6217_01
Europa,False,55 Cancri e,28.0,False,0.0,845.0,0.0,694.0,3272.0,False,6217_02
Mars,True,TRAPPIST-1e,38.0,False,0.0,0.0,0.0,0.0,0.0,True,6221_01
Earth,False,TRAPPIST-1e,42.0,False,0.0,2.0,0.0,0.0,1394.0,False,6226_01
Earth,True,TRAPPIST-1e,0.0,False,0.0,0.0,0.0,0.0,0.0,True,6231_01
Earth,True,TRAPPIST-1e,23.0,False,0.0,0.0,0.0,0.0,0.0,True,6231_02
Earth,False,TRAPPIST-1e,39.0,False,108.0,75.0,0.0,271.0,330.0,False,6231_03
Earth,False,PSO J318.5-22,25.0,False,560.0,0.0,79.0,2.0,29.0,False,6233_01
Earth,False,55 Cancri e,17.0,False,0.0,50.0,1211.0,0.0,527.0,True,6233_02
Earth,True,PSO J318.5-22,15.0,False,0.0,0.0,0.0,0.0,0.0,True,6233_03
Europa,True,TRAPPIST-1e,31.0,False,0.0,0.0,0.0,0.0,0.0,True,6235_01
Earth,True,TRAPPIST-1e,49.0,False,0.0,0.0,0.0,303.05244252873564,0.0,True,6240_01
Europa,True,TRAPPIST-1e,41.0,False,0.0,0.0,0.0,0.0,0.0,True,6242_01
Europa,False,TRAPPIST-1e,37.0,False,213.0,5.0,0.0,439.0,1190.0,False,6244_01
Europa,True,TRAPPIST-1e,27.0,False,0.0,0.0,0.0,0.0,0.0,True,6244_02
Mars,False,TRAPPIST-1e,13.0,False,911.0,3.0,620.0,161.0,0.0,False,6247_01
Europa,True,TRAPPIST-1e,42.0,False,0.0,0.0,0.0,0.0,0.0,True,6255_01
Earth,True,TRAPPIST-1e,21.0,False,0.0,0.0,0.0,0.0,0.0,True,6257_01
Earth,False,TRAPPIST-1e,29.0,False,58.0,233.0,1.0,535.0,0.0,False,6257_02
Earth,True,TRAPPIST-1e,0.0,False,0.0,0.0,0.0,0.0,0.0,True,6257_03
Earth,False,PSO J318.5-22,19.0,False,0.0,599.0,0.0,0.0,0.0,True,6258_01
Earth,False,TRAPPIST-1e,36.0,False,0.0,3.0,617.0,106.0,62.0,True,6259_01
Mars,False,PSO J318.5-22,31.0,False,1462.0,0.0,10.0,76.0,212.0,False,6260_01
Mars,False,TRAPPIST-1e,16.0,False,3504.0,143.0,3.0,739.0,1.0,False,6260_02
Mars,True,TRAPPIST-1e,42.0,False,0.0,0.0,0.0,0.0,0.0,True,6261_01
Mars,True,TRAPPIST-1e,16.0,False,0.0,0.0,0.0,0.0,0.0,True,6261_02
Europa,False,TRAPPIST-1e,23.0,False,65.0,805.0,0.0,27.0,7643.0,False,6267_01
Europa,False,TRAPPIST-1e,42.0,False,0.0,1090.0,0.0,769.0,2.0,False,6267_02
Europa,True,TRAPPIST-1e,34.0,False,0.0,439.4842963318149,0.0,0.0,0.0,True,6267_03
Europa,True,55 Cancri e,38.0,False,0.0,0.0,0.0,0.0,0.0,True,6267_04
Europa,True,55 Cancri e,21.0,False,0.0,0.0,0.0,0.0,0.0,True,6267_05
Europa,True,TRAPPIST-1e,25.0,False,0.0,0.0,0.0,0.0,0.0,True,6267_06
Europa,False,55 Cancri e,30.0,False,1.0,2076.0,0.0,0.0,1519.0,False,6269_01
Europa,False,TRAPPIST-1e,40.0,False,0.0,424.0,0.0,2593.0,324.0,False,6269_02
Europa,True,55 Cancri e,31.0,False,0.0,0.0,0.0,0.0,0.0,True,6269_03
Mars,False,55 Cancri e,20.0,False,80.0,580.0,96.0,415.0,0.0,False,6272_01
Mars,True,TRAPPIST-1e,37.0,False,0.0,0.0,0.0,0.0,0.0,True,6272_02
Earth,False,TRAPPIST-1e,26.0,False,0.0,0.0,802.0,0.0,2.0,True,6275_01
Mars,True,55 Cancri e,22.0,False,0.0,0.0,0.0,0.0,0.0,True,6278_01
Mars,True,TRAPPIST-1e,21.0,False,0.0,0.0,0.0,0.0,0.0,True,6278_02
Mars,True,TRAPPIST-1e,33.0,False,0.0,0.0,0.0,0.0,0.0,True,6284_01
Earth,False,TRAPPIST-1e,40.0,False,0.0,0.0,81.0,4.0,360.0,False,6286_01
Earth,False,TRAPPIST-1e,11.0,False,0.0,0.0,0.0,0.0,0.0,False,6286_02
Earth,False,TRAPPIST-1e,27.0,False,51.0,439.4842963318149,0.0,659.0,0.0,False,6287_01
Earth,False,TRAPPIST-1e,22.0,False,219.26626936829558,0.0,0.0,0.0,792.0,False,6287_02
Europa,True,TRAPPIST-1e,40.0,False,0.0,0.0,0.0,0.0,0.0,True,6288_01
Europa,False,TRAPPIST-1e,61.0,True,0.0,0.0,495.0,1482.0,723.0,False,6288_02
Europa,True,55 Cancri e,28.0,False,0.0,0.0,0.0,0.0,0.0,True,6288_03
Europa,False,TRAPPIST-1e,24.0,False,0.0,244.0,4471.0,5.0,0.0,True,6288_04
Earth,False,TRAPPIST-1e,43.0,False,1009.0,0.0,3.0,0.0,0.0,False,6291_01
Earth,True,TRAPPIST-1e,22.0,False,0.0,0.0,0.0,0.0,0.0,True,6294_01
Europa,True,55 Cancri e,14.0,False,0.0,0.0,0.0,0.0,0.0,True,6295_01
Europa,False,TRAPPIST-1e,56.0,False,2071.0,3232.0,0.0,405.0,2.0,True,6295_02
Mars,True,TRAPPIST-1e,35.0,False,0.0,0.0,0.0,0.0,0.0,True,6298_01
Earth,False,TRAPPIST-1e,62.0,False,0.0,19.0,219.0,0.0,670.0,False,6303_01
Earth,True,TRAPPIST-1e,44.0,False,0.0,0.0,0.0,0.0,0.0,True,6306_01
Earth,False,55 Cancri e,32.0,False,7.0,0.0,9.0,303.05244252873564,0.0,False,6307_01
Mars,False,TRAPPIST-1e,26.0,False,1243.0,0.0,51.0,4.0,0.0,False,6310_01
Earth,False,TRAPPIST-1e,22.0,False,0.0,716.0,0.0,0.0,0.0,True,6311_01
Europa,False,55 Cancri e,56.0,False,0.0,2854.0,25.0,279.0,48.0,True,6312_01
Europa,False,TRAPPIST-1e,29.0,False,0.0,602.0,259.0,1394.0,14587.0,False,6312_02
Earth,False,TRAPPIST-1e,21.0,False,80.0,0.0,0.0,0.0,730.0,False,6314_01
Europa,False,TRAPPIST-1e,34.0,False,3186.0,687.0,73.0,303.05244252873564,828.0,False,6329_01
Earth,True,TRAPPIST-1e,35.0,False,0.0,0.0,0.0,0.0,0.0,True,6332_01
Earth,False,TRAPPIST-1e,18.0,False,0.0,0.0,866.0,0.0,0.0,True,6332_02
Earth,True,TRAPPIST-1e,23.0,False,0.0,0.0,0.0,0.0,0.0,True,6332_03
Earth,False,55 Cancri e,18.0,False,257.0,1.0,0.0,0.0,900.0,False,6332_04
Earth,False,TRAPPIST-1e,24.0,False,219.26626936829558,0.0,0.0,0.0,828.0,False,6332_05
Earth,True,PSO J318.5-22,19.0,False,0.0,0.0,0.0,0.0,0.0,True,6332_06
Earth,False,TRAPPIST-1e,62.0,False,0.0,0.0,0.0,0.0,0.0,False,6332_07
Earth,False,TRAPPIST-1e,52.0,False,0.0,289.0,0.0,0.0,682.0,False,6332_08
Earth,False,TRAPPIST-1e,37.0,False,0.0,0.0,0.0,1065.0,0.0,False,6333_01
Earth,False,TRAPPIST-1e,21.0,False,154.0,0.0,635.0,0.0,0.0,True,6336_01
Earth,True,TRAPPIST-1e,48.0,False,0.0,0.0,0.0,0.0,0.0,True,6337_01
Mars,False,TRAPPIST-1e,43.0,False,69.0,1439.0,528.0,0.0,268.0,True,6342_01
Mars,False,TRAPPIST-1e,18.0,False,1839.0,0.0,225.0,11.0,0.0,False,6342_02
Mars,True,TRAPPIST-1e,33.0,False,0.0,0.0,0.0,0.0,0.0,True,6345_01
Mars,True,TRAPPIST-1e,33.0,False,0.0,0.0,0.0,0.0,0.0,True,6345_02
Europa,False,TRAPPIST-1e,29.0,False,219.26626936829558,0.0,0.0,0.0,0.0,False,6350_01
Europa,True,55 Cancri e,66.0,False,0.0,0.0,0.0,0.0,0.0,True,6352_01
Europa,False,TRAPPIST-1e,41.0,False,0.0,9788.0,8.0,0.0,36.0,True,6352_02
Earth,False,TRAPPIST-1e,17.0,False,0.0,981.0,0.0,6.0,0.0,True,6358_01
Earth,False,55 Cancri e,8.0,False,0.0,0.0,0.0,0.0,0.0,True,6358_02
Earth,False,55 Cancri e,20.0,False,2.0,0.0,18.0,844.0,581.0,False,6359_01
Earth,False,55 Cancri e,25.0,False,60.0,293.0,0.0,0.0,0.0,False,6362_01
Earth,True,TRAPPIST-1e,47.0,False,0.0,0.0,0.0,0.0,0.0,True,6364_01
Earth,False,PSO J318.5-22,40.0,False,1249.0,41.0,0.0,258.0,0.0,False,6375_01
Mars,True,TRAPPIST-1e,26.0,False,0.0,0.0,0.0,0.0,0.0,True,6377_01
Earth,False,TRAPPIST-1e,19.0,False,257.0,0.0,47.0,685.0,1194.0,False,6379_01
Earth,False,PSO J318.5-22,35.0,False,718.0,0.0,383.0,67.0,32.0,False,6382_01
Earth,True,TRAPPIST-1e,0.0,False,0.0,0.0,177.29552524527398,0.0,0.0,True,6383_01
Earth,False,55 Cancri e,12.0,False,0.0,0.0,177.29552524527398,0.0,0.0,True,6383_02
Earth,False,PSO J318.5-22,37.0,False,18.0,0.0,646.0,6.0,102.0,True,6383_03
Earth,False,TRAPPIST-1e,38.0,False,0.0,0.0,761.0,303.05244252873564,25.0,False,6384_01
Earth,False,55 Cancri e,34.0,False,0.0,712.0,9.0,0.0,0.0,True,6386_01
Earth,False,TRAPPIST-1e,30.0,False,228.0,503.0,73.0,0.0,60.0,False,6387_01
Mars,False,55 Cancri e,22.0,False,2642.0,0.0,5.0,15.0,0.0,False,6389_01
Mars,True,TRAPPIST-1e,23.0,False,0.0,0.0,0.0,303.05244252873564,0.0,True,6391_01
Mars,True,TRAPPIST-1e,59.0,False,0.0,0.0,0.0,0.0,0.0,True,6391_02
Mars,True,TRAPPIST-1e,19.0,False,0.0,0.0,0.0,0.0,0.0,True,6392_01
Mars,True,TRAPPIST-1e,16.0,False,0.0,0.0,0.0,0.0,0.0,True,6393_01
Earth,False,TRAPPIST-1e,22.0,False,28.0,727.0,1.0,36.0,0.0,True,6395_01
Europa,False,TRAPPIST-1e,30.0,False,201.0,2875.0,0.0,75.0,6.0,True,6401_01
Europa,False,55 Cancri e,26.0,False,108.0,350.0,0.0,2941.0,85.0,False,6401_02
Earth,False,TRAPPIST-1e,18.0,False,0.0,4.0,1.0,483.0,205.0,False,6403_01
Europa,False,TRAPPIST-1e,29.0,False,0.0,536.0,0.0,1644.0,4.0,False,6410_01
Europa,False,TRAPPIST-1e,32.0,False,0.0,85.0,0.0,2077.0,802.0,False,6410_02
Mars,True,TRAPPIST-1e,33.0,False,0.0,439.4842963318149,0.0,0.0,0.0,True,6417_01
Earth,False,TRAPPIST-1e,20.0,False,330.0,1400.0,20.0,0.0,66.0,True,6420_01
Europa,False,55 Cancri e,55.0,False,1.0,9322.0,26.0,12690.0,137.0,False,6423_01
Mars,False,TRAPPIST-1e,41.0,False,1455.0,0.0,0.0,1.0,0.0,False,6425_01
Mars,True,TRAPPIST-1e,22.0,False,0.0,0.0,0.0,0.0,0.0,True,6425_02
Mars,False,TRAPPIST-1e,61.0,False,786.0,439.4842963318149,117.0,144.0,0.0,False,6426_01
Mars,True,TRAPPIST-1e,20.0,False,0.0,0.0,0.0,0.0,0.0,True,6427_01
Earth,False,TRAPPIST-1e,57.0,False,0.0,786.0,0.0,23.0,0.0,False,6429_01
Earth,False,TRAPPIST-1e,17.0,False,119.0,81.0,0.0,37.0,479.0,False,6435_01
Europa,False,TRAPPIST-1e,60.0,False,0.0,60.0,0.0,4.0,3994.0,False,6438_01
Earth,True,PSO J318.5-22,20.0,False,0.0,0.0,0.0,0.0,0.0,True,6440_01
Earth,False,55 Cancri e,20.0,False,321.0,0.0,12.0,306.0,0.0,False,6441_01
Earth,False,TRAPPIST-1e,40.0,False,3.0,0.0,0.0,714.0,1081.0,False,6445_01
Europa,False,TRAPPIST-1e,28.0,False,0.0,7388.0,0.0,897.0,1098.0,True,6460_01
Earth,False,PSO J318.5-22,17.0,False,0.0,0.0,0.0,0.0,0.0,True,6465_01
Earth,False,TRAPPIST-1e,18.0,False,0.0,27.0,0.0,526.0,6.0,False,6466_01
Europa,False,55 Cancri e,46.0,False,0.0,9540.0,177.29552524527398,0.0,22272.0,False,6467_01
Earth,True,PSO J318.5-22,29.0,False,0.0,0.0,0.0,0.0,0.0,True,6469_01
Earth,False,TRAPPIST-1e,25.0,False,330.0,5.0,642.0,42.0,0.0,True,6474_01
Earth,False,TRAPPIST-1e,59.0,False,0.0,1.0,0.0,34.0,872.0,False,6476_01
Europa,True,55 Cancri e,17.0,False,0.0,0.0,0.0,0.0,0.0,True,6479_01
Europa,False,TRAPPIST-1e,65.0,False,0.0,0.0,0.0,0.0,0.0,True,6479_02
Mars,True,TRAPPIST-1e,32.0,False,0.0,0.0,0.0,0.0,0.0,True,6483_01
Earth,False,TRAPPIST-1e,35.0,False,0.0,702.0,63.0,12.0,101.0,False,6484_01
Europa,True,TRAPPIST-1e,18.0,False,0.0,0.0,0.0,0.0,0.0,True,6486_01
Earth,False,55 Cancri e,23.0,False,0.0,0.0,0.0,0.0,722.0,False,6491_01
Earth,False,TRAPPIST-1e,27.0,False,12.0,27.0,6.0,740.0,0.0,False,6491_02
Earth,True,TRAPPIST-1e,0.0,False,0.0,0.0,0.0,0.0,0.0,True,6491_03
Earth,False,TRAPPIST-1e,26.0,False,0.0,87.0,0.0,722.0,0.0,False,6495_01
Earth,True,TRAPPIST-1e,38.0,False,0.0,439.4842963318149,0.0,0.0,0.0,True,6496_01
Earth,False,TRAPPIST-1e,35.0,False,224.0,150.0,429.0,1.0,0.0,True,6496_02
Earth,False,TRAPPIST-1e,32.0,False,6.0,952.0,0.0,33.0,5.0,True,6497_01
Earth,False,PSO J318.5-22,9.0,False,0.0,0.0,0.0,0.0,0.0,True,6498_01
Earth,False,TRAPPIST-1e,11.0,False,0.0,0.0,0.0,0.0,0.0,False,6499_01
Earth,False,TRAPPIST-1e,13.0,False,2195.0,0.0,21.0,0.0,0.0,False,6499_02
Earth,False,TRAPPIST-1e,2.0,False,0.0,0.0,0.0,0.0,0.0,True,6499_03
Earth,False,PSO J318.5-22,12.0,False,0.0,0.0,0.0,0.0,0.0,True,6499_04
Earth,False,TRAPPIST-1e,27.0,False,0.0,0.0,0.0,761.0,141.0,False,6499_05
Earth,True,PSO J318.5-22,14.0,False,0.0,0.0,0.0,0.0,0.0,True,6499_06
Earth,True,TRAPPIST-1e,37.0,False,0.0,0.0,0.0,0.0,0.0,True,6499_07
Earth,True,PSO J318.5-22,6.0,False,0.0,0.0,0.0,0.0,0.0,True,6499_08
Europa,True,55 Cancri e,36.0,False,0.0,0.0,0.0,303.05244252873564,0.0,True,6504_01
Europa,False,TRAPPIST-1e,27.0,False,0.0,16250.0,2332.0,2442.0,1152.0,True,6504_02
Earth,False,TRAPPIST-1e,20.0,False,705.0,0.0,177.29552524527398,0.0,1.0,False,6505_01
Earth,False,PSO J318.5-22,24.0,False,1463.0,0.0,84.0,0.0,2.0,False,6506_01
Earth,False,55 Cancri e,21.0,False,0.0,45.0,0.0,377.0,284.0,False,6506_02
Earth,True,55 Cancri e,50.0,False,0.0,0.0,0.0,0.0,0.0,True,6507_01
Earth,False,TRAPPIST-1e,18.0,False,0.0,1354.0,0.0,0.0,9.0,True,6515_01
Europa,True,TRAPPIST-1e,34.0,False,0.0,0.0,177.29552524527398,0.0,0.0,True,6516_01
Europa,True,55 Cancri e,22.0,False,0.0,0.0,0.0,0.0,0.0,True,6516_02
Mars,True,TRAPPIST-1e,63.0,False,0.0,0.0,0.0,0.0,0.0,True,6518_01
Mars,False,TRAPPIST-1e,39.0,True,1096.0,0.0,647.0,7.0,0.0,False,6519_01
Mars,False,TRAPPIST-1e,26.0,False,1018.0,0.0,0.0,0.0,42.0,False,6521_01
Mars,False,55 Cancri e,27.0,False,946.0,96.0,26.0,5.0,0.0,False,6524_01
Earth,True,PSO J318.5-22,17.0,False,0.0,0.0,0.0,0.0,0.0,True,6527_01
Earth,True,PSO J318.5-22,39.0,False,0.0,0.0,0.0,0.0,0.0,True,6528_01
Earth,False,55 Cancri e,26.0,False,0.0,405.0,2.0,101.0,251.0,False,6532_01
Earth,True,TRAPPIST-1e,30.0,False,0.0,0.0,0.0,303.05244252873564,0.0,True,6533_01
Earth,False,TRAPPIST-1e,26.0,False,10.0,164.0,0.0,590.0,0.0,False,6533_02
Mars,False,55 Cancri e,34.0,False,1178.0,0.0,1.0,1.0,0.0,False,6534_01
Earth,False,TRAPPIST-1e,24.0,False,0.0,616.0,0.0,0.0,188.0,False,6536_01
Earth,False,TRAPPIST-1e,21.0,False,0.0,0.0,129.0,662.0,0.0,False,6537_01
Europa,False,TRAPPIST-1e,25.0,False,0.0,571.0,0.0,467.0,913.0,False,6538_01
Earth,False,55 Cancri e,64.0,False,928.0,34.0,0.0,0.0,0.0,False,6542_01
Earth,False,TRAPPIST-1e,40.0,False,1.0,1973.0,0.0,0.0,5.0,True,6543_01
Earth,False,55 Cancri e,28.65814620162446,False,0.0,509.0,0.0,3828.0,707.0,False,6550_01
Earth,False,PSO J318.5-22,23.0,False,0.0,880.0,1117.0,0.0,0.0,True,6551_01
Mars,True,TRAPPIST-1e,46.0,False,0.0,0.0,0.0,0.0,0.0,True,6554_01
Earth,False,55 Cancri e,22.0,False,0.0,3.0,726.0,0.0,4.0,True,6555_01
Earth,False,TRAPPIST-1e,0.0,False,0.0,0.0,0.0,0.0,0.0,True,6559_01
Earth,False,TRAPPIST-1e,8.0,False,0.0,0.0,0.0,0.0,0.0,False,6559_02
Earth,False,TRAPPIST-1e,35.0,False,252.0,6.0,878.0,0.0,3.0,True,6559_03
Europa,False,TRAPPIST-1e,22.0,False,0.0,3789.0,0.0,1178.0,5.0,True,6564_01
Europa,True,TRAPPIST-1e,29.0,False,0.0,0.0,0.0,0.0,0.0,True,6564_02
Earth,False,TRAPPIST-1e,25.0,False,99.0,439.4842963318149,6.0,0.0,914.0,False,6566_01
Earth,False,TRAPPIST-1e,24.0,False,701.0,23.0,0.0,0.0,0.0,False,6571_01
Europa,True,55 Cancri e,26.0,False,0.0,0.0,0.0,0.0,0.0,True,6575_01
Mars,True,TRAPPIST-1e,20.0,False,0.0,0.0,0.0,0.0,0.0,True,6576_01
Earth,False,TRAPPIST-1e,40.0,False,22.0,439.4842963318149,830.0,66.0,0.0,True,6577_01
Earth,False,PSO J318.5-22,28.0,False,3.0,4.0,35.0,328.0,325.0,False,6577_02
Earth,True,TRAPPIST-1e,22.0,False,0.0,0.0,0.0,0.0,0.0,True,6577_03
Earth,True,PSO J318.5-22,23.0,False,0.0,0.0,0.0,0.0,0.0,True,6579_01
Earth,False,TRAPPIST-1e,26.0,False,0.0,0.0,0.0,86.0,310.71003097450557,False,6581_01
Earth,False,TRAPPIST-1e,19.0,False,0.0,5649.0,0.0,0.0,0.0,True,6584_01
Mars,False,TRAPPIST-1e,35.0,False,1162.0,0.0,4.0,7.0,0.0,False,6586_01
Earth,True,55 Cancri e,41.0,False,0.0,0.0,0.0,0.0,0.0,True,6587_01
Europa,True,TRAPPIST-1e,37.0,False,0.0,0.0,0.0,0.0,0.0,True,6589_01
Mars,False,TRAPPIST-1e,44.0,False,3.0,745.0,214.0,0.0,0.0,True,6596_01
Mars,False,TRAPPIST-1e,34.0,False,2455.0,0.0,8.0,175.0,0.0,False,6596_02
Earth,False,TRAPPIST-1e,39.0,False,0.0,134.0,0.0,704.0,7.0,False,6597_01
Mars,False,TRAPPIST-1e,27.0,False,19.0,0.0,2461.0,0.0,0.0,True,6600_01
Mars,False,TRAPPIST-1e,32.0,False,881.0,0.0,0.0,9.0,56.0,False,6600_02
Earth,True,55 Cancri e,13.0,False,0.0,0.0,0.0,0.0,0.0,True,6605_01
Earth,False,55 Cancri e,10.0,False,0.0,0.0,0.0,0.0,0.0,True,6605_02
Mars,False,TRAPPIST-1e,28.0,False,219.26626936829558,369.0,579.0,0.0,0.0,True,6607_01
Earth,True,TRAPPIST-1e,25.0,False,0.0,0.0,0.0,0.0,0.0,True,6610_01
Earth,False,TRAPPIST-1e,28.65814620162446,False,0.0,0.0,0.0,0.0,0.0,False,6612_01
Earth,False,TRAPPIST-1e,27.0,False,864.0,1.0,0.0,0.0,23.0,False,6612_02
Earth,False,TRAPPIST-1e,29.0,False,121.0,0.0,55.0,12.0,638.0,False,6612_03
Earth,False,55 Cancri e,6.0,False,0.0,0.0,0.0,0.0,0.0,True,6612_04
Earth,False,TRAPPIST-1e,2.0,False,0.0,0.0,0.0,0.0,0.0,True,6612_05
Earth,True,PSO J318.5-22,6.0,False,0.0,0.0,0.0,0.0,0.0,True,6612_06
Mars,True,TRAPPIST-1e,24.0,False,0.0,0.0,0.0,0.0,0.0,True,6615_01
Europa,True,TRAPPIST-1e,31.0,False,0.0,0.0,0.0,0.0,0.0,True,6617_01
Europa,True,55 Cancri e,35.0,False,0.0,0.0,0.0,0.0,0.0,True,6617_02
Europa,True,55 Cancri e,13.0,False,0.0,0.0,0.0,0.0,0.0,True,6617_03
Europa,False,TRAPPIST-1e,64.0,False,0.0,495.0,0.0,2420.0,1844.0,False,6619_01
Earth,False,TRAPPIST-1e,18.0,False,0.0,0.0,1709.0,0.0,0.0,True,6627_01
Earth,False,TRAPPIST-1e,32.0,False,0.0,0.0,2153.0,0.0,0.0,True,6629_01
Earth,False,TRAPPIST-1e,21.0,False,185.0,41.0,510.0,0.0,0.0,True,6632_01
Earth,True,TRAPPIST-1e,13.0,False,0.0,0.0,0.0,0.0,0.0,True,6636_01
Europa,True,55 Cancri e,43.0,False,0.0,0.0,0.0,0.0,0.0,True,6640_01
Earth,False,TRAPPIST-1e,39.0,False,0.0,285.0,65.0,320.0,213.0,False,6644_01
Earth,True,PSO J318.5-22,26.0,False,0.0,0.0,0.0,0.0,0.0,True,6648_01
Earth,False,PSO J318.5-22,21.0,False,484.0,0.0,104.0,66.0,34.0,False,6651_01
Earth,False,TRAPPIST-1e,18.0,False,0.0,1826.0,53.0,127.0,0.0,True,6653_01
Earth,True,TRAPPIST-1e,27.0,False,0.0,0.0,0.0,0.0,0.0,True,6657_01
Mars,False,TRAPPIST-1e,28.65814620162446,False,0.0,0.0,0.0,0.0,0.0,False,6658_01
Mars,False,TRAPPIST-1e,27.0,False,0.0,0.0,0.0,0.0,0.0,False,6658_02
Mars,False,TRAPPIST-1e,29.0,False,1249.0,439.4842963318149,1005.0,369.0,0.0,False,6658_03
Mars,False,TRAPPIST-1e,20.0,False,173.0,436.0,258.0,0.0,0.0,True,6661_01
Earth,False,PSO J318.5-22,26.0,False,0.0,48.0,408.0,126.0,66.0,True,6666_01
Earth,True,PSO J318.5-22,28.65814620162446,False,0.0,0.0,0.0,0.0,0.0,True,6677_01
Mars,False,55 Cancri e,34.0,False,1548.0,544.0,533.0,150.0,2.0,False,6678_01
Mars,True,TRAPPIST-1e,15.0,False,0.0,0.0,0.0,303.05244252873564,0.0,True,6678_02
Earth,False,55 Cancri e,24.0,False,487.0,0.0,177.29552524527398,0.0,0.0,False,6679_01
Mars,True,TRAPPIST-1e,26.0,False,0.0,0.0,0.0,0.0,0.0,True,6682_01
Mars,False,TRAPPIST-1e,14.0,False,599.0,229.0,2396.0,0.0,0.0,True,6682_02
Earth,False,55 Cancri e,24.0,False,153.0,0.0,1153.0,0.0,3185.0,False,6685_01
Europa,False,TRAPPIST-1e,31.0,False,219.26626936829558,3866.0,0.0,381.0,2168.0,False,6686_01
Mars,False,TRAPPIST-1e,21.0,False,1478.0,0.0,378.0,0.0,84.0,False,6687_01
Europa,True,TRAPPIST-1e,28.0,False,0.0,0.0,0.0,0.0,0.0,True,6688_01
Mars,False,TRAPPIST-1e,19.0,False,1043.0,13.0,28.0,0.0,0.0,False,6689_01
Mars,False,TRAPPIST-1e,50.0,False,286.0,0.0,735.0,20.0,0.0,True,6689_02
Earth,True,TRAPPIST-1e,15.0,False,0.0,0.0,0.0,0.0,0.0,True,6690_01
Earth,False,55 Cancri e,34.0,False,36.0,229.0,468.0,72.0,0.0,True,6695_01
Earth,False,TRAPPIST-1e,35.0,False,14.0,320.0,1078.0,0.0,3.0,True,6696_01
Earth,True,TRAPPIST-1e,34.0,False,0.0,0.0,0.0,0.0,0.0,True,6700_01
Earth,False,TRAPPIST-1e,36.0,False,0.0,0.0,0.0,808.0,0.0,False,6700_02
Europa,True,TRAPPIST-1e,27.0,False,0.0,0.0,0.0,0.0,0.0,True,6701_01
Mars,False,TRAPPIST-1e,30.0,False,14.0,0.0,41.0,1647.0,0.0,False,6703_01
Mars,False,TRAPPIST-1e,34.0,False,0.0,0.0,0.0,0.0,0.0,False,6704_01
Earth,False,TRAPPIST-1e,45.0,False,1.0,0.0,510.0,0.0,736.0,False,6705_01
Earth,True,TRAPPIST-1e,21.0,False,0.0,439.4842963318149,0.0,0.0,0.0,True,6710_01
Earth,False,TRAPPIST-1e,56.0,False,0.0,0.0,144.0,554.0,129.0,False,6712_01
Earth,False,TRAPPIST-1e,21.0,False,507.0,85.0,305.0,0.0,11.0,False,6714_01
Earth,False,TRAPPIST-1e,28.0,False,9.0,101.0,34.0,555.0,5.0,False,6715_01
Earth,False,TRAPPIST-1e,38.0,False,0.0,11.0,25.0,938.0,14.0,False,6716_01
Europa,True,55 Cancri e,34.0,False,0.0,0.0,0.0,0.0,0.0,True,6717_01
Europa,False,TRAPPIST-1e,33.0,False,0.0,4283.0,0.0,1294.0,1412.0,False,6723_01
Europa,True,55 Cancri e,34.0,False,0.0,0.0,0.0,0.0,0.0,True,6728_01
Earth,False,TRAPPIST-1e,19.0,False,1177.0,1619.0,0.0,0.0,0.0,True,6732_01
Earth,False,TRAPPIST-1e,19.0,False,0.0,649.0,54.0,0.0,0.0,True,6733_01
Earth,False,TRAPPIST-1e,17.0,False,2379.0,0.0,1.0,42.0,166.0,False,6735_01
Earth,False,TRAPPIST-1e,20.0,False,219.26626936829558,0.0,610.0,0.0,0.0,True,6737_01
Mars,False,55 Cancri e,22.0,False,451.0,0.0,490.0,1.0,19.0,False,6738_01
Mars,True,TRAPPIST-1e,35.0,False,0.0,0.0,0.0,0.0,0.0,True,6738_02
Mars,False,TRAPPIST-1e,50.0,False,949.0,24.0,63.0,0.0,271.0,False,6740_01
Mars,True,TRAPPIST-1e,19.0,False,0.0,0.0,0.0,0.0,0.0,True,6743_01
Earth,False,TRAPPIST-1e,23.0,False,699.0,0.0,904.0,0.0,0.0,False,6752_01
Earth,False,55 Cancri e,38.0,False,432.0,0.0,0.0,158.0,82.0,False,6752_02
Earth,False,TRAPPIST-1e,20.0,False,0.0,5.0,1.0,769.0,0.0,False,6752_03
Earth,False,TRAPPIST-1e,31.0,False,1155.0,0.0,0.0,0.0,0.0,False,6755_01
Earth,True,PSO J318.5-22,28.0,False,0.0,0.0,0.0,0.0,0.0,True,6759_01
Mars,False,TRAPPIST-1e,36.0,False,1273.0,0.0,3.0,642.0,700.0,False,6767_01
Mars,False,TRAPPIST-1e,27.0,False,134.0,73.0,509.0,303.05244252873564,0.0,False,6767_02
Earth,False,TRAPPIST-1e,66.0,False,0.0,429.0,0.0,298.0,997.0,False,6768_01
Mars,True,TRAPPIST-1e,14.0,False,0.0,0.0,0.0,0.0,0.0,True,6769_01
Europa,True,55 Cancri e,29.0,False,0.0,0.0,0.0,0.0,0.0,True,6770_01
Europa,True,55 Cancri e,34.0,False,0.0,0.0,0.0,0.0,0.0,True,6770_02
Europa,True,55 Cancri e,13.0,False,0.0,0.0,0.0,0.0,0.0,True,6770_03
Earth,False,TRAPPIST-1e,47.0,False,0.0,0.0,4.0,898.0,0.0,False,6771_01
Earth,True,TRAPPIST-1e,26.0,False,0.0,0.0,0.0,0.0,0.0,True,6772_01
Earth,False,TRAPPIST-1e,50.0,False,166.0,0.0,514.0,114.0,0.0,True,6772_02
Europa,True,55 Cancri e,38.0,False,0.0,0.0,0.0,0.0,0.0,True,6777_01
Earth,True,55 Cancri e,59.0,False,0.0,0.0,177.29552524527398,0.0,0.0,True,6781_01
Earth,True,TRAPPIST-1e,43.0,False,0.0,0.0,0.0,0.0,0.0,True,6783_01
Earth,True,TRAPPIST-1e,30.0,False,0.0,0.0,0.0,0.0,0.0,True,6785_01
Earth,False,PSO J318.5-22,33.0,False,455.0,0.0,11.0,0.0,302.0,False,6790_01
Earth,False,55 Cancri e,33.0,False,0.0,1601.0,57.0,0.0,0.0,True,6791_01
Europa,False,TRAPPIST-1e,42.0,False,88.0,2062.0,0.0,25.0,0.0,True,6793_01
Europa,True,TRAPPIST-1e,17.0,False,0.0,0.0,0.0,0.0,0.0,True,6793_02
Mars,False,TRAPPIST-1e,18.0,True,988.0,0.0,732.0,356.0,0.0,False,6795_01
Earth,False,TRAPPIST-1e,34.0,False,512.0,38.0,0.0,26.0,284.0,False,6797_01
Earth,False,TRAPPIST-1e,46.0,False,0.0,445.0,8.0,146.0,0.0,False,6803_01
Earth,False,TRAPPIST-1e,35.0,False,0.0,623.0,139.0,0.0,109.0,False,6804_01
Earth,False,55 Cancri e,40.0,False,66.0,1029.0,62.0,0.0,0.0,True,6807_01
Earth,True,TRAPPIST-1e,26.0,False,219.26626936829558,0.0,0.0,0.0,0.0,True,6807_02
Earth,False,TRAPPIST-1e,43.0,False,0.0,0.0,9.0,698.0,81.0,False,6809_01
Earth,True,PSO J318.5-22,41.0,False,0.0,439.4842963318149,0.0,0.0,0.0,True,6811_01
Earth,False,TRAPPIST-1e,31.0,False,1.0,227.0,0.0,495.0,0.0,False,6812_01
Earth,False,TRAPPIST-1e,23.0,False,29.0,439.4842963318149,0.0,787.0,0.0,False,6812_02
Earth,False,TRAPPIST-1e,25.0,False,0.0,2.0,476.0,421.0,2.0,False,6815_01
Earth,False,TRAPPIST-1e,37.0,False,244.0,0.0,182.0,0.0,489.0,False,6819_01
Earth,True,PSO J318.5-22,14.0,False,0.0,0.0,0.0,0.0,0.0,True,6819_02
Earth,True,TRAPPIST-1e,3.0,False,0.0,439.4842963318149,0.0,0.0,0.0,True,6819_03
Earth,True,PSO J318.5-22,18.0,False,0.0,0.0,0.0,0.0,310.71003097450557,True,6823_01
Earth,True,TRAPPIST-1e,35.0,False,0.0,0.0,0.0,0.0,0.0,True,6828_01
Earth,True,PSO J318.5-22,19.0,False,0.0,0.0,0.0,0.0,0.0,True,6830_01
Mars,True,PSO J318.5-22,39.0,False,0.0,0.0,0.0,0.0,0.0,True,6835_01
Mars,False,TRAPPIST-1e,48.0,False,219.26626936829558,0.0,149.0,4.0,0.0,False,6835_02
Earth,False,TRAPPIST-1e,27.0,False,365.0,305.0,0.0,13.0,225.0,False,6836_01
Europa,True,TRAPPIST-1e,3.0,False,0.0,0.0,0.0,0.0,0.0,True,6838_01
Europa,False,TRAPPIST-1e,28.0,False,0.0,6562.0,0.0,3430.0,18670.0,False,6838_02
Europa,False,55 Cancri e,34.0,False,695.0,2325.0,0.0,21.0,9626.0,False,6838_03
Mars,False,TRAPPIST-1e,31.0,False,631.0,0.0,898.0,27.0,43.0,True,6842_01
Europa,True,55 Cancri e,60.0,False,0.0,0.0,0.0,0.0,0.0,True,6845_01
Earth,False,TRAPPIST-1e,45.0,False,2.0,0.0,59.0,2.0,1754.0,False,6846_01
Europa,False,55 Cancri e,48.0,False,219.26626936829558,996.0,197.0,151.0,4532.0,False,6847_01
Europa,False,TRAPPIST-1e,21.0,False,0.0,633.0,0.0,5865.0,145.0,False,6849_01
Earth,False,PSO J318.5-22,24.0,False,0.0,380.0,225.0,0.0,310.71003097450557,False,6852_01
Earth,False,TRAPPIST-1e,16.0,False,0.0,1.0,0.0,964.0,0.0,False,6852_02
Earth,False,TRAPPIST-1e,19.0,False,0.0,490.0,0.0,159.0,0.0,False,6855_01
Mars,False,55 Cancri e,26.0,False,2676.0,1.0,143.0,0.0,0.0,False,6856_01
Earth,False,TRAPPIST-1e,22.0,False,804.0,0.0,0.0,2.0,0.0,False,6860_01
Earth,False,TRAPPIST-1e,33.0,False,0.0,0.0,723.0,108.0,115.0,True,6867_01
Mars,False,TRAPPIST-1e,44.0,True,542.0,3.0,46.0,674.0,0.0,False,6870_01
Earth,True,TRAPPIST-1e,27.0,False,0.0,0.0,0.0,0.0,0.0,True,6872_01
Earth,True,PSO J318.5-22,23.0,False,0.0,0.0,0.0,0.0,0.0,True,6874_01
Europa,False,55 Cancri e,43.0,False,0.0,1592.0,0.0,1738.0,0.0,False,6875_01
Europa,False,TRAPPIST-1e,14.0,False,4207.0,689.0,0.0,0.0,558.0,False,6875_02
Europa,False,55 Cancri e,41.0,False,60.0,3146.0,0.0,12.0,479.0,True,6875_03
Earth,False,TRAPPIST-1e,20.0,False,0.0,670.0,0.0,0.0,22.0,True,6876_01
Earth,False,TRAPPIST-1e,0.0,False,0.0,0.0,0.0,0.0,0.0,True,6876_02
Earth,True,TRAPPIST-1e,2.0,False,0.0,0.0,0.0,0.0,0.0,True,6876_03
Earth,False,55 Cancri e,22.0,False,20.0,155.0,0.0,373.0,90.0,False,6877_01
Mars,True,TRAPPIST-1e,29.0,False,0.0,0.0,0.0,0.0,0.0,True,6878_01
Mars,False,55 Cancri e,35.0,False,333.0,10.0,1063.0,7.0,365.0,False,6881_01
Earth,True,TRAPPIST-1e,20.0,False,0.0,0.0,0.0,0.0,0.0,True,6884_01
Earth,True,PSO J318.5-22,16.0,False,0.0,0.0,0.0,0.0,0.0,True,6886_01
Europa,False,TRAPPIST-1e,38.0,False,219.26626936829558,1501.0,219.0,470.0,173.0,False,6888_01
Europa,True,TRAPPIST-1e,35.0,False,0.0,0.0,0.0,0.0,0.0,True,6888_02
Europa,False,TRAPPIST-1e,19.0,False,0.0,0.0,0.0,0.0,0.0,True,6888_03
Europa,False,PSO J318.5-22,25.0,True,5100.0,150.0,0.0,170.0,0.0,False,6888_04
Earth,False,TRAPPIST-1e,32.0,False,1.0,15.0,0.0,1.0,773.0,False,6890_01
Earth,False,TRAPPIST-1e,24.0,False,449.0,0.0,1.0,0.0,244.0,False,6897_01
Earth,True,TRAPPIST-1e,20.0,False,0.0,0.0,0.0,0.0,0.0,True,6904_01
Earth,True,TRAPPIST-1e,27.0,False,0.0,0.0,0.0,0.0,0.0,True,6904_02
Earth,False,TRAPPIST-1e,18.0,False,2.0,7.0,761.0,75.0,0.0,True,6904_03
Europa,True,TRAPPIST-1e,31.0,False,0.0,0.0,0.0,0.0,0.0,True,6909_01
Earth,True,TRAPPIST-1e,47.0,False,0.0,0.0,0.0,0.0,0.0,True,6914_01
Europa,True,TRAPPIST-1e,58.0,False,0.0,0.0,0.0,0.0,0.0,True,6916_01
Earth,True,PSO J318.5-22,37.0,False,0.0,0.0,0.0,0.0,0.0,True,6919_01
Earth,True,PSO J318.5-22,35.0,False,0.0,0.0,0.0,0.0,0.0,True,6922_01
Mars,True,TRAPPIST-1e,38.0,False,0.0,0.0,0.0,0.0,0.0,True,6923_01
Earth,False,TRAPPIST-1e,32.0,False,0.0,270.0,0.0,560.0,84.0,False,6927_01
Europa,True,55 Cancri e,35.0,False,0.0,0.0,0.0,0.0,0.0,True,6933_01
Europa,False,TRAPPIST-1e,27.0,False,0.0,0.0,0.0,303.05244252873564,0.0,False,6933_02
Earth,False,TRAPPIST-1e,61.0,False,703.0,0.0,0.0,0.0,0.0,False,6935_01
Mars,False,TRAPPIST-1e,72.0,False,2596.0,0.0,193.0,0.0,0.0,False,6936_01
Mars,False,TRAPPIST-1e,30.0,False,1265.0,439.4842963318149,0.0,838.0,0.0,False,6936_02
Mars,True,TRAPPIST-1e,14.0,False,0.0,0.0,0.0,0.0,0.0,True,6936_03
Earth,True,TRAPPIST-1e,28.0,False,0.0,0.0,177.29552524527398,0.0,0.0,True,6938_01
Earth,True,TRAPPIST-1e,20.0,False,0.0,0.0,0.0,0.0,0.0,True,6941_01
Earth,True,TRAPPIST-1e,41.0,False,0.0,0.0,0.0,0.0,0.0,True,6942_01
Earth,True,TRAPPIST-1e,29.0,False,0.0,0.0,0.0,0.0,0.0,True,6948_01
Europa,True,TRAPPIST-1e,32.0,False,0.0,0.0,0.0,0.0,0.0,True,6952_01
Earth,False,TRAPPIST-1e,33.0,False,250.0,279.0,329.0,12.0,0.0,False,6953_01
Earth,False,TRAPPIST-1e,27.0,False,0.0,216.0,168.0,251.0,53.0,False,6955_01
Earth,False,55 Cancri e,21.0,False,11.0,0.0,0.0,499.0,77.0,False,6956_01
Earth,False,TRAPPIST-1e,21.0,False,11.0,653.0,0.0,35.0,61.0,False,6958_01
Earth,False,TRAPPIST-1e,18.0,False,646.0,0.0,0.0,1444.0,0.0,False,6959_01
Earth,True,55 Cancri e,3.0,False,0.0,0.0,0.0,0.0,0.0,True,6959_02
Earth,True,PSO J318.5-22,0.0,False,0.0,0.0,0.0,0.0,0.0,True,6959_03
Europa,False,TRAPPIST-1e,41.0,False,0.0,620.0,0.0,605.0,873.0,False,6961_01
Earth,False,TRAPPIST-1e,57.0,False,0.0,2847.0,0.0,101.0,9613.0,False,6961_02
Mars,True,TRAPPIST-1e,50.0,False,219.26626936829558,0.0,0.0,0.0,0.0,True,6965_01
Mars,False,TRAPPIST-1e,54.0,False,2538.0,0.0,60.0,1.0,0.0,False,6969_01
Earth,False,TRAPPIST-1e,49.0,False,757.0,0.0,0.0,0.0,46.0,False,6974_01
Mars,False,TRAPPIST-1e,19.0,False,1752.0,0.0,157.0,303.05244252873564,0.0,False,6975_01
Mars,True,TRAPPIST-1e,51.0,False,0.0,0.0,0.0,0.0,0.0,True,6983_01
Mars,False,TRAPPIST-1e,28.65814620162446,False,1.0,0.0,66.0,2016.0,0.0,False,6983_02
Earth,True,55 Cancri e,5.0,False,0.0,0.0,0.0,0.0,0.0,True,6986_01
Earth,False,TRAPPIST-1e,13.0,False,1894.0,8.0,42.0,1.0,72.0,False,6986_02
Earth,True,PSO J318.5-22,0.0,False,0.0,0.0,0.0,0.0,0.0,True,6986_03
Earth,False,55 Cancri e,8.0,False,0.0,0.0,0.0,0.0,0.0,True,6986_04
Earth,True,TRAPPIST-1e,27.0,False,0.0,0.0,0.0,0.0,0.0,True,6986_05
Earth,False,PSO J318.5-22,13.0,False,0.0,858.0,20.0,0.0,0.0,True,6986_06
Earth,False,TRAPPIST-1e,47.0,False,18.0,719.0,87.0,0.0,3.0,True,6986_07
Earth,True,TRAPPIST-1e,6.0,False,0.0,0.0,0.0,0.0,0.0,False,6986_08
Earth,True,TRAPPIST-1e,59.0,False,0.0,0.0,0.0,0.0,0.0,True,6989_01
Earth,False,55 Cancri e,20.0,False,888.0,0.0,352.0,0.0,0.0,False,6993_01
Mars,True,TRAPPIST-1e,35.0,False,0.0,0.0,0.0,0.0,0.0,True,7000_01
Earth,False,TRAPPIST-1e,22.0,False,0.0,0.0,332.0,236.0,125.0,False,7003_01
Mars,False,55 Cancri e,16.0,False,2438.0,0.0,332.0,0.0,1.0,False,7009_01
Mars,False,TRAPPIST-1e,18.0,False,1718.0,0.0,868.0,636.0,0.0,False,7009_02
Mars,True,TRAPPIST-1e,26.0,False,0.0,0.0,0.0,0.0,0.0,True,7012_01
Earth,False,TRAPPIST-1e,19.0,False,478.0,0.0,161.0,112.0,0.0,False,7023_01
Mars,True,55 Cancri e,23.0,False,0.0,0.0,177.29552524527398,0.0,0.0,True,7024_01
Earth,False,TRAPPIST-1e,21.0,False,0.0,141.0,0.0,121.0,626.0,False,7030_01
Earth,False,TRAPPIST-1e,32.0,False,131.0,0.0,177.29552524527398,5.0,0.0,False,7033_01
Earth,True,PSO J318.5-22,25.0,False,0.0,0.0,0.0,0.0,0.0,True,7035_01
Earth,True,PSO J318.5-22,50.0,False,0.0,0.0,0.0,0.0,0.0,True,7043_01
Europa,False,55 Cancri e,27.0,False,6.0,400.0,0.0,6472.0,0.0,False,7046_01
Europa,False,55 Cancri e,44.0,False,0.0,1190.0,0.0,1906.0,167.0,False,7046_02
Europa,False,TRAPPIST-1e,47.0,False,0.0,339.0,0.0,508.0,2000.0,False,7046_03
Europa,False,TRAPPIST-1e,58.0,False,0.0,3770.0,0.0,1.0,27.0,True,7054_01
Europa,True,55 Cancri e,27.0,False,0.0,0.0,0.0,0.0,0.0,True,7054_02
Mars,True,TRAPPIST-1e,52.0,False,0.0,0.0,0.0,303.05244252873564,0.0,True,7055_01
Earth,False,TRAPPIST-1e,21.0,False,2.0,54.0,696.0,56.0,0.0,True,7063_01
Earth,False,TRAPPIST-1e,25.0,False,50.0,0.0,1.0,5125.0,472.0,False,7063_02
Earth,False,PSO J318.5-22,31.0,False,0.0,625.0,0.0,0.0,0.0,True,7064_01
Earth,True,TRAPPIST-1e,28.0,False,0.0,0.0,0.0,0.0,310.71003097450557,True,7065_01
Earth,False,TRAPPIST-1e,42.0,False,409.0,1005.0,0.0,454.0,657.0,False,7066_01
Earth,True,TRAPPIST-1e,49.0,False,0.0,0.0,0.0,0.0,0.0,True,7066_02
Earth,False,TRAPPIST-1e,3.0,False,0.0,0.0,0.0,0.0,0.0,True,7067_01
Earth,True,TRAPPIST-1e,5.0,False,0.0,0.0,0.0,0.0,0.0,True,7067_02
Earth,False,TRAPPIST-1e,28.65814620162446,False,844.0,0.0,0.0,27.0,2.0,False,7067_03
Europa,False,55 Cancri e,57.0,False,0.0,1830.0,0.0,0.0,89.0,True,7070_01
Mars,False,TRAPPIST-1e,29.0,False,0.0,0.0,227.0,66.0,1005.0,False,7075_01
Earth,True,TRAPPIST-1e,29.0,False,0.0,0.0,0.0,0.0,0.0,True,7076_01
Europa,False,TRAPPIST-1e,21.0,False,0.0,9336.0,1.0,51.0,919.0,True,7081_01
Europa,True,55 Cancri e,25.0,False,0.0,0.0,0.0,0.0,0.0,True,7081_02
Europa,False,55 Cancri e,26.0,False,0.0,5283.0,0.0,3.0,36.0,True,7100_01
Europa,False,55 Cancri e,33.0,True,0.0,2105.0,24.0,0.0,5879.0,False,7100_02
Europa,False,55 Cancri e,43.0,False,94.0,5196.0,602.0,6603.0,510.0,False,7101_01
Europa,False,55 Cancri e,26.0,False,0.0,2524.0,3.0,3493.0,0.0,False,7101_02
Europa,True,TRAPPIST-1e,13.0,False,0.0,0.0,0.0,0.0,0.0,True,7102_01
Mars,False,TRAPPIST-1e,30.0,False,879.0,0.0,420.0,0.0,0.0,False,7103_01
Mars,True,55 Cancri e,8.0,False,0.0,0.0,0.0,0.0,0.0,True,7103_02
Earth,True,PSO J318.5-22,28.65814620162446,False,0.0,0.0,0.0,0.0,0.0,True,7107_01
Europa,False,TRAPPIST-1e,23.0,False,4.0,3142.0,0.0,3473.0,407.0,False,7108_01
Earth,False,TRAPPIST-1e,22.0,False,22.0,0.0,1367.0,0.0,0.0,True,7112_01
Mars,True,TRAPPIST-1e,36.0,False,0.0,0.0,0.0,0.0,0.0,True,7115_01
Earth,False,TRAPPIST-1e,35.0,False,0.0,0.0,904.0,0.0,0.0,True,7122_01
Earth,False,TRAPPIST-1e,26.0,False,699.0,439.4842963318149,5.0,50.0,1.0,False,7123_01
Europa,True,TRAPPIST-1e,15.0,False,0.0,0.0,0.0,0.0,0.0,True,7124_01
Europa,True,55 Cancri e,18.0,False,0.0,0.0,0.0,0.0,0.0,True,7124_02
Europa,False,TRAPPIST-1e,41.0,False,0.0,2925.0,0.0,1623.0,0.0,False,7124_03
Mars,True,PSO J318.5-22,41.0,False,0.0,0.0,0.0,0.0,0.0,True,7125_01
Earth,False,TRAPPIST-1e,22.0,False,8.0,796.0,1825.0,553.0,0.0,True,7129_01
Earth,True,55 Cancri e,28.65814620162446,False,0.0,0.0,0.0,303.05244252873564,0.0,True,7130_01
Earth,True,PSO J318.5-22,0.0,False,0.0,0.0,0.0,0.0,0.0,True,7130_02
Earth,False,TRAPPIST-1e,16.0,False,219.26626936829558,36.0,125.0,4.0,13.0,False,7130_03
Earth,False,PSO J318.5-22,27.0,False,0.0,0.0,0.0,687.0,2.0,False,7130_04
Earth,False,55 Cancri e,13.0,False,0.0,0.0,0.0,0.0,0.0,True,7130_05
Earth,False,55 Cancri e,1.0,False,0.0,0.0,0.0,0.0,0.0,True,7130_06
Earth,False,TRAPPIST-1e,32.0,False,808.0,0.0,2.0,0.0,0.0,False,7130_07
Earth,False,TRAPPIST-1e,35.0,False,22.0,1240.0,0.0,1.0,1.0,True,7131_01
Earth,True,TRAPPIST-1e,40.0,False,0.0,0.0,0.0,0.0,0.0,True,7135_01
Earth,False,55 Cancri e,17.0,False,0.0,0.0,799.0,2.0,0.0,True,7135_02
Earth,False,PSO J318.5-22,49.0,False,0.0,1473.0,4.0,37.0,0.0,True,7135_03
Earth,True,TRAPPIST-1e,21.0,False,0.0,0.0,0.0,0.0,0.0,True,7135_04
Earth,True,55 Cancri e,9.0,False,0.0,0.0,0.0,0.0,0.0,True,7136_01
Mars,False,TRAPPIST-1e,27.0,False,1298.0,460.0,63.0,0.0,0.0,False,7138_01
Europa,False,TRAPPIST-1e,59.0,False,0.0,186.0,0.0,945.0,2655.0,False,7139_01
Earth,False,PSO J318.5-22,25.0,False,91.0,403.0,0.0,64.0,0.0,False,7141_01
Earth,False,TRAPPIST-1e,21.0,False,1219.0,742.0,5.0,324.0,0.0,False,7145_01
Earth,False,TRAPPIST-1e,15.0,False,219.26626936829558,0.0,8.0,1.0,2079.0,False,7146_01
Europa,True,55 Cancri e,28.0,False,0.0,0.0,0.0,0.0,0.0,True,7147_01
Earth,False,TRAPPIST-1e,42.0,False,0.0,387.0,0.0,241.0,31.0,False,7150_01
Earth,True,TRAPPIST-1e,22.0,False,0.0,0.0,0.0,0.0,0.0,True,7150_02
Earth,False,TRAPPIST-1e,21.0,False,0.0,439.4842963318149,0.0,463.0,0.0,False,7153_01
Earth,False,TRAPPIST-1e,48.0,False,376.0,0.0,24.0,0.0,483.0,False,7154_01
Earth,False,TRAPPIST-1e,24.0,False,410.0,0.0,154.0,0.0,125.0,False,7158_01
Europa,True,TRAPPIST-1e,47.0,False,0.0,0.0,0.0,0.0,0.0,True,7163_01
Europa,True,55 Cancri e,13.0,False,0.0,0.0,0.0,0.0,0.0,True,7163_02
Europa,False,55 Cancri e,32.0,False,0.0,2367.0,0.0,9891.0,88.0,False,7163_03
Earth,False,PSO J318.5-22,29.0,False,2.0,213.0,177.29552524527398,19.0,226.0,False,7164_01
Earth,True,TRAPPIST-1e,35.0,False,0.0,0.0,0.0,0.0,0.0,True,7169_01
Mars,False,TRAPPIST-1e,24.0,False,58.0,177.0,279.0,15.0,1552.0,False,7172_01
Mars,False,TRAPPIST-1e,52.0,False,1350.0,0.0,0.0,0.0,19.0,False,7172_02
Earth,False,TRAPPIST-1e,21.0,False,0.0,4.0,4.0,636.0,0.0,False,7174_01
Mars,True,TRAPPIST-1e,36.0,False,0.0,0.0,0.0,0.0,0.0,True,7178_01
Earth,True,TRAPPIST-1e,19.0,False,0.0,0.0,0.0,0.0,0.0,True,7183_01
Europa,True,TRAPPIST-1e,39.0,False,0.0,0.0,0.0,0.0,0.0,True,7185_01
Earth,True,TRAPPIST-1e,59.0,False,0.0,0.0,0.0,0.0,0.0,True,7195_01
Mars,True,55 Cancri e,45.0,False,0.0,0.0,0.0,0.0,0.0,True,7196_01
Earth,True,PSO J318.5-22,25.0,False,0.0,439.4842963318149,0.0,0.0,0.0,True,7198_01
Mars,False,TRAPPIST-1e,64.0,False,509.0,439.4842963318149,1023.0,0.0,80.0,False,7201_01
Mars,False,55 Cancri e,24.0,False,114.0,0.0,0.0,1479.0,0.0,False,7204_01
Europa,False,TRAPPIST-1e,36.0,False,0.0,0.0,0.0,0.0,0.0,True,7209_01
Europa,False,TRAPPIST-1e,26.0,False,0.0,2768.0,0.0,5.0,559.0,True,7209_02
Mars,False,TRAPPIST-1e,31.0,False,1415.0,0.0,271.0,412.0,0.0,False,7211_01
Earth,False,TRAPPIST-1e,18.0,False,0.0,1201.0,0.0,0.0,0.0,True,7212_01
Earth,True,PSO J318.5-22,21.0,False,0.0,0.0,0.0,0.0,0.0,True,7213_01
Europa,False,TRAPPIST-1e,34.0,False,135.0,207.0,0.0,1471.0,876.0,False,7220_01
Earth,False,TRAPPIST-1e,32.0,False,1.0,946.0,2.0,0.0,0.0,True,7222_01
Mars,True,TRAPPIST-1e,19.0,False,0.0,0.0,0.0,0.0,0.0,True,7223_01
Earth,True,TRAPPIST-1e,18.0,False,0.0,0.0,0.0,0.0,0.0,True,7228_01
Earth,False,TRAPPIST-1e,39.0,False,1230.0,0.0,7.0,163.0,48.0,False,7231_01
Earth,False,55 Cancri e,28.65814620162446,False,0.0,0.0,0.0,0.0,0.0,True,7237_01
Earth,True,TRAPPIST-1e,19.0,False,0.0,0.0,0.0,0.0,0.0,True,7239_01
Europa,True,TRAPPIST-1e,16.0,False,0.0,0.0,0.0,0.0,0.0,True,7241_01
Europa,False,TRAPPIST-1e,24.0,False,0.0,1455.0,172.0,7690.0,20.0,False,7241_02
Earth,True,TRAPPIST-1e,2.0,False,0.0,0.0,0.0,0.0,0.0,True,7243_01
Earth,True,TRAPPIST-1e,10.0,False,0.0,0.0,0.0,0.0,0.0,True,7243_02
Earth,True,TRAPPIST-1e,2.0,False,0.0,0.0,0.0,0.0,0.0,True,7243_03
Earth,False,55 Cancri e,21.0,False,0.0,0.0,256.0,979.0,0.0,False,7243_04
Earth,True,PSO J318.5-22,5.0,False,0.0,0.0,0.0,0.0,0.0,True,7243_05
Earth,True,PSO J318.5-22,29.0,False,0.0,0.0,0.0,0.0,0.0,True,7244_01
Mars,False,TRAPPIST-1e,41.0,False,149.0,1.0,2216.0,0.0,0.0,True,7245_01
Mars,False,55 Cancri e,32.0,False,976.0,0.0,84.0,22.0,0.0,False,7248_01
Mars,True,TRAPPIST-1e,23.0,False,0.0,0.0,0.0,0.0,0.0,True,7248_02
Earth,True,PSO J318.5-22,23.0,False,0.0,0.0,0.0,0.0,0.0,True,7251_01
Earth,False,TRAPPIST-1e,40.0,False,0.0,0.0,0.0,292.0,1334.0,False,7254_01
Mars,False,TRAPPIST-1e,45.0,False,381.0,1.0,1512.0,586.0,0.0,False,7262_01
Earth,False,TRAPPIST-1e,30.0,False,1.0,0.0,478.0,4.0,321.0,False,7263_01
Earth,False,TRAPPIST-1e,56.0,False,758.0,0.0,0.0,0.0,1.0,False,7264_01
Earth,False,TRAPPIST-1e,13.0,False,0.0,324.0,138.0,49.0,133.0,False,7265_01
Earth,False,TRAPPIST-1e,19.0,False,0.0,0.0,39.0,449.0,321.0,False,7266_01
Earth,True,TRAPPIST-1e,46.0,False,0.0,0.0,0.0,0.0,0.0,True,7266_02
Earth,False,TRAPPIST-1e,0.0,False,0.0,0.0,0.0,0.0,0.0,True,7266_03
Earth,False,PSO J318.5-22,60.0,False,250.0,0.0,0.0,355.0,6.0,False,7269_01
Earth,True,TRAPPIST-1e,39.0,False,0.0,0.0,0.0,0.0,0.0,True,7269_02
Earth,True,PSO J318.5-22,20.0,False,0.0,0.0,0.0,0.0,310.71003097450557,True,7272_01
Earth,False,PSO J318.5-22,64.0,False,245.0,2414.0,0.0,0.0,13.0,True,7275_01
Europa,False,TRAPPIST-1e,34.0,False,0.0,1415.0,0.0,0.0,1238.0,False,7281_01
Earth,True,PSO J318.5-22,30.0,False,0.0,0.0,0.0,0.0,0.0,True,7282_01
Mars,False,TRAPPIST-1e,62.0,False,933.0,0.0,0.0,28.0,0.0,False,7286_01
Europa,True,TRAPPIST-1e,29.0,False,0.0,0.0,0.0,0.0,0.0,True,7287_01
Earth,False,TRAPPIST-1e,33.0,False,229.0,248.0,0.0,402.0,0.0,False,7288_01
Earth,True,TRAPPIST-1e,31.0,False,0.0,0.0,0.0,0.0,0.0,True,7291_01
Earth,False,TRAPPIST-1e,51.0,False,0.0,491.0,0.0,298.0,0.0,False,7293_01
Earth,False,TRAPPIST-1e,23.0,False,514.0,0.0,22.0,1.0,1.0,False,7294_01
Earth,False,TRAPPIST-1e,18.0,False,96.0,0.0,607.0,0.0,1.0,True,7295_01
Earth,False,TRAPPIST-1e,47.0,False,1095.0,320.0,1015.0,0.0,0.0,False,7295_02
Earth,False,TRAPPIST-1e,58.0,False,0.0,0.0,806.0,0.0,15.0,True,7299_01
Europa,True,TRAPPIST-1e,46.0,False,0.0,0.0,0.0,0.0,0.0,True,7308_01
Mars,False,TRAPPIST-1e,44.0,False,106.0,0.0,2561.0,348.0,0.0,True,7312_01
Earth,True,TRAPPIST-1e,19.0,False,0.0,0.0,0.0,0.0,0.0,True,7315_01
Earth,False,PSO J318.5-22,43.0,False,0.0,726.0,1.0,23.0,0.0,True,7316_01
Earth,False,TRAPPIST-1e,21.0,False,2.0,0.0,0.0,697.0,0.0,False,7317_01
Mars,False,PSO J318.5-22,29.0,False,1061.0,7.0,312.0,0.0,11.0,False,7318_01
Earth,False,PSO J318.5-22,13.0,False,33.0,28.0,685.0,27.0,310.71003097450557,False,7319_01
Earth,False,PSO J318.5-22,16.0,False,13.0,805.0,2.0,8.0,6.0,True,7319_02
Earth,False,TRAPPIST-1e,25.0,False,0.0,733.0,0.0,0.0,0.0,True,7319_03
Earth,False,TRAPPIST-1e,19.0,False,0.0,1.0,451.0,1100.0,67.0,False,7325_01
Europa,False,TRAPPIST-1e,29.0,False,0.0,2783.0,195.0,897.0,852.0,True,7329_01
Europa,False,TRAPPIST-1e,35.0,True,0.0,3131.0,0.0,203.0,719.0,True,7329_02
Europa,False,55 Cancri e,56.0,False,132.0,4531.0,2.0,119.0,67.0,True,7329_03
Earth,False,TRAPPIST-1e,20.0,False,612.0,154.0,4.0,17.0,0.0,False,7333_01
Earth,True,PSO J318.5-22,38.0,False,0.0,0.0,0.0,0.0,0.0,True,7335_01
Mars,False,TRAPPIST-1e,18.0,False,350.0,0.0,107.0,0.0,892.0,False,7345_01
Mars,False,TRAPPIST-1e,26.0,False,1189.0,0.0,632.0,0.0,0.0,False,7348_01
Mars,True,55 Cancri e,0.0,False,0.0,0.0,0.0,0.0,0.0,True,7348_02
Mars,False,TRAPPIST-1e,2.0,False,0.0,0.0,0.0,0.0,0.0,True,7348_03
Earth,False,TRAPPIST-1e,36.0,False,0.0,152.0,0.0,146.0,329.0,False,7349_01
Earth,False,PSO J318.5-22,25.0,False,1197.0,102.0,0.0,0.0,0.0,False,7352_01
Europa,True,TRAPPIST-1e,2.0,False,0.0,0.0,177.29552524527398,0.0,0.0,True,7354_01
Europa,False,TRAPPIST-1e,0.0,False,0.0,0.0,0.0,0.0,0.0,True,7354_02
Europa,True,TRAPPIST-1e,18.0,False,0.0,0.0,0.0,0.0,310.71003097450557,True,7354_03
Europa,False,TRAPPIST-1e,60.0,False,0.0,1959.0,91.0,2206.0,7229.0,False,7354_04
Europa,True,PSO J318.5-22,26.0,False,0.0,0.0,0.0,0.0,0.0,True,7354_05
Europa,False,TRAPPIST-1e,36.0,False,0.0,911.0,0.0,749.0,1.0,False,7354_06
Mars,False,TRAPPIST-1e,22.0,False,848.0,0.0,5.0,445.0,0.0,False,7355_01
Earth,True,55 Cancri e,21.0,False,0.0,0.0,0.0,0.0,0.0,True,7357_01
Earth,False,TRAPPIST-1e,37.0,False,48.0,84.0,0.0,20.0,658.0,False,7362_01
Earth,True,TRAPPIST-1e,65.0,False,0.0,0.0,0.0,0.0,0.0,True,7363_01
Earth,False,TRAPPIST-1e,44.0,False,1.0,0.0,177.29552524527398,0.0,0.0,False,7364_01
Europa,True,TRAPPIST-1e,31.0,False,0.0,0.0,0.0,0.0,0.0,True,7368_01
Mars,False,TRAPPIST-1e,31.0,False,953.0,0.0,20.0,382.0,556.0,False,7369_01
Europa,True,TRAPPIST-1e,21.0,False,0.0,0.0,0.0,0.0,0.0,True,7373_01
Europa,True,TRAPPIST-1e,47.0,False,0.0,0.0,0.0,0.0,0.0,True,7373_02
Earth,False,TRAPPIST-1e,19.0,False,0.0,1.0,757.0,12.0,18.0,True,7375_01
Earth,False,TRAPPIST-1e,33.0,False,157.0,645.0,0.0,1447.0,1.0,False,7378_01
Europa,False,TRAPPIST-1e,25.0,False,0.0,0.0,0.0,0.0,0.0,True,7380_01
Europa,True,TRAPPIST-1e,16.0,False,0.0,0.0,0.0,0.0,0.0,True,7380_02
Europa,False,TRAPPIST-1e,44.0,False,334.0,80.0,0.0,1019.0,1966.0,False,7380_03
Europa,False,TRAPPIST-1e,9.0,False,0.0,0.0,0.0,0.0,0.0,True,7380_04
Earth,True,PSO J318.5-22,15.0,False,0.0,0.0,0.0,0.0,0.0,True,7381_01
Earth,True,PSO J318.5-22,34.0,False,0.0,0.0,0.0,0.0,0.0,True,7382_01
Earth,True,55 Cancri e,24.0,False,0.0,0.0,0.0,0.0,0.0,True,7383_01
Earth,False,TRAPPIST-1e,39.0,False,350.0,134.0,0.0,0.0,319.0,False,7383_02
Earth,False,TRAPPIST-1e,27.0,False,837.0,0.0,0.0,36.0,0.0,False,7384_01
Earth,True,TRAPPIST-1e,34.0,False,0.0,0.0,0.0,0.0,0.0,True,7386_01
Mars,True,TRAPPIST-1e,24.0,False,0.0,0.0,0.0,0.0,0.0,True,7389_01
Europa,False,TRAPPIST-1e,43.0,False,0.0,0.0,0.0,0.0,0.0,True,7397_01
Earth,False,PSO J318.5-22,41.0,False,366.0,0.0,0.0,17.0,331.0,False,7400_01
Earth,True,TRAPPIST-1e,26.0,False,0.0,0.0,0.0,0.0,0.0,True,7404_01
Mars,False,TRAPPIST-1e,27.0,False,213.0,1083.0,1.0,0.0,1.0,True,7407_01
Earth,False,TRAPPIST-1e,39.0,False,791.0,0.0,0.0,94.0,0.0,False,7409_01
Earth,False,TRAPPIST-1e,34.0,False,0.0,14.0,775.0,14.0,0.0,True,7409_02
Europa,True,55 Cancri e,33.0,False,0.0,0.0,0.0,0.0,0.0,True,7412_01
Earth,True,TRAPPIST-1e,16.0,False,0.0,0.0,0.0,0.0,0.0,True,7413_01
Earth,True,TRAPPIST-1e,6.0,False,0.0,0.0,0.0,0.0,0.0,False,7413_02
Mars,False,55 Cancri e,13.0,False,78.0,1.0,16.0,5.0,1868.0,False,7414_01
Earth,False,TRAPPIST-1e,50.0,False,14.0,0.0,3.0,483.0,0.0,False,7415_01
Earth,False,TRAPPIST-1e,24.0,False,31.0,0.0,232.0,232.0,1026.0,False,7417_01
Earth,False,TRAPPIST-1e,18.0,False,1551.0,228.0,0.0,303.05244252873564,0.0,False,7417_02
Earth,False,TRAPPIST-1e,24.0,False,651.0,0.0,0.0,38.0,0.0,False,7420_01
Earth,True,PSO J318.5-22,16.0,False,0.0,0.0,0.0,0.0,0.0,True,7421_01
Earth,False,PSO J318.5-22,22.0,False,0.0,796.0,0.0,0.0,0.0,True,7421_02
Mars,False,TRAPPIST-1e,13.0,False,1087.0,36.0,19.0,6.0,0.0,False,7423_01
Mars,True,55 Cancri e,29.0,False,0.0,0.0,0.0,0.0,0.0,True,7423_02
Earth,False,TRAPPIST-1e,30.0,False,0.0,0.0,61.0,566.0,0.0,False,7424_01
Europa,True,TRAPPIST-1e,25.0,False,0.0,0.0,0.0,0.0,0.0,True,7426_01
Europa,True,TRAPPIST-1e,23.0,False,0.0,0.0,0.0,303.05244252873564,0.0,True,7426_02
Europa,True,55 Cancri e,28.0,False,0.0,0.0,0.0,0.0,0.0,True,7426_03
Earth,True,PSO J318.5-22,37.0,False,0.0,0.0,0.0,303.05244252873564,0.0,True,7433_01
Earth,False,TRAPPIST-1e,21.0,False,0.0,0.0,3.0,0.0,1617.0,False,7434_01
Europa,False,TRAPPIST-1e,54.0,False,0.0,384.0,0.0,37.0,1721.0,False,7439_01
Europa,True,55 Cancri e,21.0,False,0.0,0.0,0.0,0.0,0.0,True,7439_02
Earth,False,TRAPPIST-1e,36.0,False,698.0,63.0,1.0,1.0,135.0,False,7440_01
Europa,True,TRAPPIST-1e,21.0,False,0.0,0.0,0.0,0.0,0.0,True,7441_01
Earth,True,PSO J318.5-22,21.0,False,0.0,0.0,0.0,0.0,0.0,True,7443_01
Earth,False,TRAPPIST-1e,23.0,False,49.0,2110.0,8.0,0.0,568.0,False,7451_01
Earth,False,PSO J318.5-22,40.0,False,7.0,0.0,83.0,230.0,220.0,False,7454_01
Earth,False,TRAPPIST-1e,18.0,False,0.0,0.0,0.0,0.0,677.0,False,7463_01
Earth,False,TRAPPIST-1e,25.0,False,61.0,0.0,701.0,75.0,68.0,True,7465_01
Mars,False,TRAPPIST-1e,24.0,False,1289.0,0.0,0.0,0.0,0.0,False,7466_01
Europa,False,TRAPPIST-1e,37.0,False,0.0,203.0,0.0,603.0,629.0,False,7467_01
Europa,False,TRAPPIST-1e,25.0,False,13.0,439.4842963318149,0.0,1.0,132.0,False,7468_01
Earth,False,TRAPPIST-1e,24.0,False,433.0,110.0,209.0,23.0,0.0,False,7469_01
Earth,True,TRAPPIST-1e,3.0,False,0.0,0.0,0.0,0.0,0.0,True,7470_01
Earth,True,TRAPPIST-1e,2.0,False,0.0,0.0,0.0,0.0,0.0,True,7471_01
Earth,False,TRAPPIST-1e,22.0,False,0.0,270.0,0.0,0.0,486.0,False,7471_02
Earth,False,TRAPPIST-1e,24.0,False,0.0,2.0,0.0,1.0,733.0,False,7473_01
Earth,False,55 Cancri e,17.0,False,190.0,0.0,519.0,182.0,4.0,True,7473_02
Earth,True,TRAPPIST-1e,53.0,False,0.0,0.0,0.0,0.0,0.0,True,7474_01
Earth,False,TRAPPIST-1e,23.0,False,11.0,1017.0,0.0,0.0,1.0,True,7476_01
Earth,False,55 Cancri e,29.0,False,84.0,439.4842963318149,28.0,496.0,0.0,False,7480_01
Mars,True,TRAPPIST-1e,21.0,False,0.0,0.0,0.0,0.0,0.0,True,7482_01
Earth,False,TRAPPIST-1e,22.0,False,0.0,0.0,976.0,1713.0,0.0,False,7482_02
Earth,False,TRAPPIST-1e,2.0,False,0.0,0.0,0.0,303.05244252873564,0.0,False,7489_01
Earth,False,TRAPPIST-1e,28.65814620162446,False,606.0,23.0,3.0,16.0,154.0,False,7489_02
Earth,False,TRAPPIST-1e,20.0,False,0.0,0.0,0.0,0.0,310.71003097450557,False,7489_03
Earth,True,TRAPPIST-1e,14.0,False,0.0,0.0,0.0,0.0,0.0,True,7491_01
Earth,False,PSO J318.5-22,26.0,False,0.0,742.0,0.0,0.0,1.0,True,7493_01
Earth,True,TRAPPIST-1e,23.0,False,0.0,0.0,0.0,0.0,0.0,True,7497_01
Earth,False,TRAPPIST-1e,21.0,False,331.0,3485.0,1110.0,598.0,310.71003097450557,True,7511_01
Earth,False,TRAPPIST-1e,20.0,False,0.0,709.0,0.0,6.0,1.0,True,7516_01
Earth,False,TRAPPIST-1e,19.0,False,1651.0,0.0,0.0,0.0,1120.0,False,7519_01
Europa,True,TRAPPIST-1e,29.0,False,0.0,0.0,0.0,0.0,0.0,True,7526_01
Earth,True,TRAPPIST-1e,58.0,False,0.0,0.0,0.0,0.0,0.0,True,7528_01
Earth,True,55 Cancri e,13.0,False,0.0,0.0,0.0,303.05244252873564,0.0,True,7528_02
Earth,False,TRAPPIST-1e,32.0,False,482.0,0.0,0.0,321.0,0.0,False,7528_03
Earth,True,55 Cancri e,23.0,False,0.0,0.0,0.0,0.0,0.0,True,7528_04
Europa,True,55 Cancri e,38.0,False,0.0,0.0,0.0,0.0,0.0,True,7530_01
Europa,False,55 Cancri e,47.0,False,0.0,3361.0,0.0,1344.0,3228.0,False,7530_02
Europa,False,TRAPPIST-1e,38.0,False,0.0,1222.0,0.0,734.0,3153.0,False,7530_03
Europa,False,55 Cancri e,47.0,False,0.0,744.0,0.0,8911.0,1165.0,False,7530_04
Earth,True,55 Cancri e,20.0,False,0.0,0.0,0.0,0.0,0.0,True,7532_01
Earth,True,55 Cancri e,32.0,False,0.0,0.0,0.0,0.0,0.0,True,7537_01
Europa,True,TRAPPIST-1e,42.0,False,0.0,0.0,0.0,0.0,0.0,True,7539_01
Europa,False,TRAPPIST-1e,34.0,False,0.0,4402.0,9.0,788.0,79.0,True,7539_02
Earth,False,TRAPPIST-1e,60.0,False,0.0,30.0,173.0,572.0,0.0,False,7540_01
Mars,True,TRAPPIST-1e,30.0,False,0.0,0.0,0.0,0.0,0.0,True,7541_01
Earth,True,TRAPPIST-1e,11.0,False,0.0,0.0,0.0,0.0,0.0,True,7541_02
Mars,True,TRAPPIST-1e,45.0,False,0.0,0.0,0.0,0.0,0.0,True,7541_03
Europa,True,55 Cancri e,39.0,True,0.0,0.0,177.29552524527398,0.0,0.0,True,7546_01
Earth,False,TRAPPIST-1e,19.0,False,0.0,1379.0,0.0,70.0,0.0,True,7547_01
Earth,False,TRAPPIST-1e,18.0,False,20.0,0.0,572.0,254.0,452.0,False,7548_01
Earth,False,PSO J318.5-22,34.0,False,0.0,0.0,1349.0,1.0,0.0,True,7551_01
Earth,True,TRAPPIST-1e,28.65814620162446,False,0.0,0.0,0.0,0.0,0.0,True,7554_01
Earth,False,55 Cancri e,30.0,False,1487.0,306.0,478.0,65.0,1.0,False,7555_01
Europa,True,TRAPPIST-1e,48.0,False,0.0,0.0,0.0,0.0,0.0,True,7556_01
Earth,True,55 Cancri e,38.0,False,0.0,0.0,0.0,0.0,0.0,True,7556_02
Europa,False,TRAPPIST-1e,33.0,False,0.0,673.0,0.0,0.0,783.0,False,7556_03
Europa,True,55 Cancri e,47.0,False,0.0,0.0,0.0,0.0,0.0,True,7556_04
Mars,False,TRAPPIST-1e,29.0,False,1118.0,0.0,606.0,50.0,0.0,False,7557_01
Mars,True,TRAPPIST-1e,8.0,False,0.0,0.0,0.0,0.0,0.0,True,7557_02
Mars,True,TRAPPIST-1e,47.0,False,0.0,0.0,0.0,0.0,0.0,True,7557_03
Mars,False,TRAPPIST-1e,26.0,True,1141.0,315.0,652.0,0.0,0.0,False,7558_01
Mars,True,55 Cancri e,13.0,False,0.0,0.0,0.0,0.0,0.0,True,7558_02
Earth,False,TRAPPIST-1e,18.0,False,0.0,439.4842963318149,0.0,645.0,4.0,False,7562_01
Mars,False,TRAPPIST-1e,27.0,False,1382.0,0.0,0.0,0.0,62.0,False,7564_01
Europa,False,TRAPPIST-1e,27.0,False,0.0,1822.0,0.0,97.0,1165.0,False,7566_01
Europa,False,TRAPPIST-1e,30.0,False,0.0,0.0,0.0,0.0,0.0,True,7570_01
Europa,False,TRAPPIST-1e,25.0,False,2044.0,10302.0,0.0,4.0,4009.0,False,7570_02
Mars,False,TRAPPIST-1e,26.0,False,1022.0,0.0,140.0,20.0,0.0,False,7571_01
Earth,False,TRAPPIST-1e,20.0,False,718.0,0.0,0.0,0.0,43.0,False,7575_01
Europa,False,TRAPPIST-1e,52.0,False,0.0,3453.0,2228.0,7.0,2342.0,True,7581_01
Earth,True,TRAPPIST-1e,3.0,False,0.0,0.0,0.0,0.0,0.0,True,7582_01
Earth,False,TRAPPIST-1e,6.0,False,0.0,0.0,0.0,0.0,0.0,True,7582_02
Earth,False,TRAPPIST-1e,0.0,False,0.0,0.0,0.0,0.0,0.0,True,7582_03
Earth,False,TRAPPIST-1e,22.0,False,0.0,545.0,0.0,145.0,0.0,False,7582_04
Earth,True,TRAPPIST-1e,1.0,False,0.0,0.0,0.0,0.0,0.0,True,7582_05
Earth,False,TRAPPIST-1e,44.0,False,0.0,729.0,0.0,0.0,0.0,True,7587_01
Earth,True,PSO J318.5-22,18.0,False,0.0,0.0,0.0,0.0,0.0,True,7589_01
Earth,False,TRAPPIST-1e,20.0,False,0.0,7.0,1393.0,11.0,0.0,True,7590_01
Earth,False,TRAPPIST-1e,29.0,False,150.0,1459.0,0.0,0.0,0.0,True,7591_01
Earth,False,TRAPPIST-1e,28.0,False,71.0,296.0,323.0,2.0,0.0,True,7591_02
Europa,True,55 Cancri e,39.0,False,0.0,0.0,0.0,0.0,0.0,True,7593_01
Earth,True,TRAPPIST-1e,11.0,False,0.0,0.0,0.0,0.0,0.0,True,7597_01
Earth,True,PSO J318.5-22,2.0,False,0.0,0.0,0.0,0.0,0.0,True,7597_02
Earth,False,TRAPPIST-1e,15.0,False,0.0,230.0,0.0,214.0,1106.0,False,7597_03
Earth,True,TRAPPIST-1e,32.0,False,0.0,0.0,0.0,0.0,0.0,True,7597_04
Earth,False,PSO J318.5-22,15.0,False,1660.0,0.0,1245.0,0.0,0.0,True,7597_05
Earth,False,TRAPPIST-1e,1.0,False,0.0,0.0,0.0,0.0,0.0,True,7597_06
Earth,False,TRAPPIST-1e,20.0,False,0.0,6.0,259.0,367.0,713.0,False,7597_07
Europa,True,55 Cancri e,25.0,False,0.0,0.0,0.0,0.0,0.0,True,7600_01
Europa,False,TRAPPIST-1e,32.0,True,0.0,1111.0,177.29552524527398,1439.0,221.0,False,7600_02
Europa,True,55 Cancri e,32.0,False,0.0,0.0,0.0,0.0,0.0,True,7602_01
Earth,False,TRAPPIST-1e,18.0,False,0.0,1381.0,0.0,0.0,3.0,True,7603_01
Earth,False,TRAPPIST-1e,49.0,False,0.0,583.0,225.0,69.0,305.0,False,7607_01
Earth,False,55 Cancri e,2.0,False,0.0,0.0,0.0,0.0,0.0,True,7610_01
Earth,False,TRAPPIST-1e,13.0,False,117.0,679.0,0.0,0.0,25.0,False,7610_02
Mars,False,TRAPPIST-1e,28.0,False,1626.0,0.0,0.0,208.0,91.0,False,7611_01
Mars,False,PSO J318.5-22,56.0,False,90.0,0.0,82.0,0.0,519.0,False,7611_02
Earth,False,TRAPPIST-1e,27.0,False,0.0,0.0,8.0,1227.0,13.0,False,7612_01
Earth,True,TRAPPIST-1e,34.0,False,0.0,0.0,0.0,0.0,0.0,True,7612_02
Europa,True,TRAPPIST-1e,28.0,False,0.0,0.0,0.0,0.0,0.0,True,7613_01
Earth,False,TRAPPIST-1e,31.0,False,0.0,0.0,114.0,4.0,901.0,False,7615_01
Mars,False,TRAPPIST-1e,24.0,False,85.0,0.0,177.29552524527398,0.0,310.71003097450557,False,7617_01
Earth,True,TRAPPIST-1e,8.0,False,0.0,0.0,0.0,0.0,0.0,True,7619_01
Earth,False,TRAPPIST-1e,20.0,False,219.26626936829558,399.0,2871.0,0.0,454.0,True,7629_01
Earth,False,PSO J318.5-22,63.0,False,0.0,1362.0,0.0,18.0,358.0,False,7629_02
Earth,False,55 Cancri e,0.0,False,0.0,0.0,0.0,0.0,0.0,True,7629_03
Earth,False,TRAPPIST-1e,13.0,False,1118.0,0.0,93.0,5.0,393.0,False,7636_01
Mars,False,TRAPPIST-1e,1.0,False,0.0,0.0,0.0,0.0,0.0,True,7637_01
Mars,False,TRAPPIST-1e,13.0,False,2758.0,0.0,177.29552524527398,6.0,0.0,False,7637_02
Mars,False,TRAPPIST-1e,2.0,False,0.0,0.0,0.0,0.0,0.0,True,7637_03
Earth,True,TRAPPIST-1e,18.0,False,0.0,0.0,0.0,0.0,0.0,True,7638_01
Mars,True,TRAPPIST-1e,30.0,False,0.0,0.0,0.0,303.05244252873564,0.0,True,7642_01
Europa,True,55 Cancri e,35.0,False,0.0,0.0,0.0,0.0,0.0,True,7645_01
Mars,False,55 Cancri e,28.0,False,0.0,0.0,1171.0,0.0,0.0,True,7648_01
Mars,True,TRAPPIST-1e,28.0,False,0.0,0.0,0.0,0.0,0.0,True,7651_01
Earth,False,TRAPPIST-1e,48.0,False,0.0,0.0,0.0,909.0,0.0,False,7653_01
Europa,True,TRAPPIST-1e,34.0,False,0.0,0.0,0.0,0.0,0.0,True,7654_01
Earth,False,TRAPPIST-1e,16.0,False,0.0,1000.0,1.0,0.0,0.0,True,7655_01
Earth,False,PSO J318.5-22,24.0,False,12.0,158.0,0.0,0.0,1241.0,False,7657_01
Earth,False,TRAPPIST-1e,53.0,False,5.0,2572.0,0.0,0.0,310.71003097450557,True,7658_01
Earth,False,TRAPPIST-1e,24.0,False,0.0,0.0,42.0,0.0,849.0,False,7659_01
Mars,True,TRAPPIST-1e,32.0,False,219.26626936829558,0.0,0.0,0.0,0.0,True,7662_01
Earth,True,55 Cancri e,15.0,False,0.0,0.0,0.0,0.0,0.0,True,7663_01
Earth,False,PSO J318.5-22,24.0,False,0.0,7.0,1.0,498.0,0.0,False,7664_01
Earth,False,TRAPPIST-1e,35.0,False,13.0,0.0,682.0,0.0,310.71003097450557,True,7668_01
Europa,False,TRAPPIST-1e,42.0,False,0.0,4583.0,0.0,5737.0,3860.0,False,7672_01
Earth,False,PSO J318.5-22,18.0,False,122.0,399.0,1.0,38.0,27.0,False,7673_01
Earth,False,TRAPPIST-1e,15.0,False,3.0,0.0,48.0,0.0,896.0,False,7674_01
Mars,False,TRAPPIST-1e,37.0,False,414.0,991.0,288.0,0.0,0.0,False,7675_01
Mars,True,TRAPPIST-1e,35.0,False,0.0,0.0,0.0,0.0,0.0,True,7681_01
Earth,True,TRAPPIST-1e,34.0,False,0.0,0.0,0.0,0.0,0.0,True,7685_01
Earth,True,55 Cancri e,21.0,False,0.0,0.0,0.0,0.0,0.0,True,7686_01
Earth,False,TRAPPIST-1e,14.0,False,113.0,0.0,940.0,3.0,21.0,True,7695_01
Mars,False,TRAPPIST-1e,16.0,False,643.0,163.0,954.0,0.0,0.0,False,7701_01
Earth,False,55 Cancri e,23.0,False,0.0,7.0,1950.0,87.0,0.0,True,7704_01
Europa,False,TRAPPIST-1e,53.0,False,0.0,394.0,2646.0,99.0,113.0,True,7706_01
Europa,True,TRAPPIST-1e,18.0,False,0.0,0.0,0.0,0.0,0.0,True,7718_01
Earth,False,TRAPPIST-1e,16.0,False,195.0,789.0,92.0,63.0,0.0,False,7722_01
Europa,True,TRAPPIST-1e,34.0,False,0.0,0.0,0.0,0.0,0.0,True,7725_01
Earth,True,TRAPPIST-1e,13.0,False,0.0,0.0,0.0,0.0,0.0,True,7726_01
Earth,False,PSO J318.5-22,25.0,False,10.0,6.0,0.0,1.0,570.0,False,7730_01
Earth,False,TRAPPIST-1e,43.0,False,8.0,0.0,0.0,780.0,0.0,False,7732_01
Mars,False,TRAPPIST-1e,39.0,False,821.0,37.0,260.0,1.0,0.0,False,7733_01
Earth,False,55 Cancri e,19.0,False,0.0,257.0,431.0,0.0,5.0,True,7734_01
Mars,False,TRAPPIST-1e,21.0,False,489.0,15.0,6.0,777.0,1.0,False,7735_01
Earth,True,TRAPPIST-1e,20.0,False,0.0,0.0,0.0,0.0,0.0,True,7737_01
Earth,False,PSO J318.5-22,16.0,False,0.0,0.0,672.0,0.0,0.0,True,7740_01
Earth,False,TRAPPIST-1e,9.0,False,0.0,0.0,0.0,0.0,0.0,True,7740_02
Earth,False,TRAPPIST-1e,18.0,False,0.0,743.0,0.0,40.0,20.0,False,7745_01
Earth,False,55 Cancri e,23.0,False,0.0,299.0,1.0,69.0,374.0,False,7750_01
Earth,False,TRAPPIST-1e,36.0,False,2.0,2141.0,0.0,0.0,8.0,True,7756_01
Earth,False,TRAPPIST-1e,30.0,False,69.0,0.0,2.0,653.0,0.0,False,7758_01
Earth,False,TRAPPIST-1e,46.0,False,11.0,52.0,666.0,0.0,0.0,True,7759_01
Earth,False,TRAPPIST-1e,22.0,False,0.0,0.0,0.0,0.0,789.0,False,7762_01
Earth,True,TRAPPIST-1e,1.0,False,0.0,0.0,0.0,0.0,0.0,True,7765_01
Earth,True,TRAPPIST-1e,21.0,False,0.0,0.0,0.0,0.0,0.0,True,7765_02
Earth,True,TRAPPIST-1e,24.0,False,0.0,0.0,0.0,0.0,0.0,True,7765_03
Earth,False,TRAPPIST-1e,51.0,False,704.0,0.0,0.0,2.0,0.0,False,7766_01
Earth,True,TRAPPIST-1e,26.0,False,0.0,0.0,0.0,0.0,0.0,True,7772_01
Europa,False,55 Cancri e,35.0,False,0.0,3495.0,0.0,53.0,758.0,True,7779_01
Earth,False,PSO J318.5-22,22.0,False,0.0,439.4842963318149,0.0,46.0,643.0,False,7781_01
Europa,True,55 Cancri e,30.0,False,0.0,0.0,0.0,303.05244252873564,0.0,True,7792_01
Europa,True,TRAPPIST-1e,28.0,False,0.0,0.0,0.0,0.0,0.0,True,7792_02
Europa,True,55 Cancri e,33.0,False,0.0,0.0,0.0,0.0,0.0,True,7792_03
Europa,False,TRAPPIST-1e,56.0,False,3.0,347.0,4.0,1263.0,1072.0,False,7792_04
Europa,True,55 Cancri e,32.0,False,0.0,0.0,0.0,0.0,0.0,True,7792_05
Mars,False,TRAPPIST-1e,39.0,False,1173.0,0.0,0.0,0.0,0.0,False,7794_01
Earth,False,TRAPPIST-1e,25.0,False,1014.0,0.0,69.0,22.0,3.0,False,7795_01
Earth,False,TRAPPIST-1e,25.0,False,0.0,31.0,952.0,0.0,0.0,True,7795_02
Earth,False,TRAPPIST-1e,34.0,False,51.0,203.0,0.0,386.0,242.0,False,7796_01
Earth,False,TRAPPIST-1e,28.65814620162446,False,294.0,76.0,9.0,0.0,310.71003097450557,False,7798_01
Earth,False,55 Cancri e,18.0,False,0.0,0.0,1446.0,0.0,0.0,True,7798_02
Earth,False,TRAPPIST-1e,18.0,False,13.0,9.0,721.0,3.0,63.0,True,7799_01
Earth,False,TRAPPIST-1e,23.0,False,502.0,2.0,52.0,0.0,2698.0,False,7804_01
Earth,True,PSO J318.5-22,21.0,False,0.0,0.0,0.0,0.0,0.0,True,7807_01
Mars,True,TRAPPIST-1e,47.0,False,0.0,0.0,0.0,0.0,0.0,True,7811_01
Earth,False,TRAPPIST-1e,18.0,False,0.0,563.0,93.0,0.0,75.0,False,7814_01
Earth,False,TRAPPIST-1e,43.0,False,0.0,251.0,0.0,357.0,363.0,False,7817_01
Earth,True,TRAPPIST-1e,18.0,False,0.0,0.0,0.0,0.0,0.0,True,7819_01
Europa,False,TRAPPIST-1e,25.0,False,2.0,1297.0,0.0,303.05244252873564,1339.0,False,7822_01
Earth,True,55 Cancri e,30.0,False,0.0,0.0,0.0,0.0,0.0,True,7823_01
Mars,False,TRAPPIST-1e,21.0,False,110.0,0.0,166.0,2412.0,0.0,False,7825_01
Mars,False,TRAPPIST-1e,24.0,False,22.0,0.0,1968.0,0.0,0.0,True,7825_02
Mars,False,55 Cancri e,20.0,False,5.0,1.0,177.29552524527398,1479.0,0.0,False,7825_03
Europa,True,55 Cancri e,30.0,False,0.0,0.0,0.0,0.0,0.0,True,7826_01
Europa,True,TRAPPIST-1e,58.0,False,0.0,0.0,0.0,0.0,0.0,True,7827_01
Earth,False,PSO J318.5-22,36.0,False,1314.0,0.0,1187.0,113.0,0.0,True,7836_01
Europa,True,TRAPPIST-1e,27.0,False,0.0,0.0,0.0,0.0,0.0,True,7838_01
Europa,False,TRAPPIST-1e,33.0,True,694.0,2031.0,6.0,10.0,1606.0,False,7844_01
Europa,False,TRAPPIST-1e,55.0,False,0.0,2820.0,0.0,321.0,6946.0,False,7846_01
Europa,True,55 Cancri e,24.0,False,0.0,0.0,0.0,0.0,0.0,True,7846_02
Earth,False,55 Cancri e,17.0,False,0.0,0.0,0.0,0.0,0.0,True,7854_01
Earth,False,TRAPPIST-1e,19.0,False,2.0,43.0,7.0,0.0,853.0,False,7855_01
Earth,True,PSO J318.5-22,25.0,False,0.0,0.0,0.0,0.0,0.0,True,7857_01
Earth,False,TRAPPIST-1e,22.0,False,219.26626936829558,0.0,0.0,0.0,790.0,False,7860_01
Earth,True,TRAPPIST-1e,16.0,False,0.0,0.0,0.0,0.0,0.0,True,7862_01
Earth,False,TRAPPIST-1e,36.0,False,100.0,680.0,1.0,90.0,0.0,False,7867_01
Earth,False,TRAPPIST-1e,40.0,False,0.0,0.0,0.0,549.0,140.0,False,7869_01
Earth,False,TRAPPIST-1e,21.0,False,1004.0,0.0,22.0,3.0,0.0,False,7874_01
Earth,False,55 Cancri e,24.0,False,0.0,351.0,289.0,0.0,0.0,True,7874_02
Mars,False,TRAPPIST-1e,26.0,False,0.0,0.0,0.0,0.0,0.0,False,7876_01
Europa,True,TRAPPIST-1e,30.0,False,0.0,0.0,0.0,0.0,0.0,True,7880_01
Europa,False,55 Cancri e,27.0,False,0.0,476.0,21.0,2.0,2067.0,False,7880_02
Earth,True,TRAPPIST-1e,24.0,False,0.0,0.0,0.0,0.0,0.0,True,7887_01
Europa,True,TRAPPIST-1e,23.0,False,0.0,0.0,0.0,0.0,0.0,True,7893_01
Europa,True,55 Cancri e,55.0,False,0.0,0.0,0.0,0.0,0.0,True,7893_02
Europa,True,55 Cancri e,47.0,False,219.26626936829558,0.0,0.0,0.0,0.0,True,7893_03
Europa,True,55 Cancri e,31.0,False,0.0,0.0,0.0,0.0,0.0,True,7893_04
Europa,True,TRAPPIST-1e,40.0,False,0.0,0.0,0.0,0.0,310.71003097450557,True,7893_05
Earth,False,TRAPPIST-1e,19.0,False,189.0,945.0,4.0,132.0,0.0,False,7896_01
Earth,False,TRAPPIST-1e,18.0,False,611.0,174.0,0.0,4.0,15.0,False,7898_01
Earth,False,55 Cancri e,48.0,False,0.0,1.0,43.0,0.0,604.0,False,7900_01
Earth,False,TRAPPIST-1e,15.0,False,0.0,5.0,0.0,902.0,12.0,False,7906_01
Earth,False,TRAPPIST-1e,47.0,False,0.0,163.0,0.0,175.0,379.0,False,7909_01
Earth,False,TRAPPIST-1e,21.0,False,8.0,0.0,0.0,0.0,1612.0,False,7909_02
Earth,True,TRAPPIST-1e,18.0,False,0.0,0.0,0.0,0.0,0.0,True,7911_01
Earth,False,TRAPPIST-1e,20.0,False,1285.0,229.0,177.29552524527398,0.0,7.0,False,7912_01
Mars,True,TRAPPIST-1e,20.0,False,0.0,0.0,0.0,0.0,0.0,True,7915_01
Mars,False,TRAPPIST-1e,19.0,False,1857.0,0.0,26.0,0.0,0.0,False,7915_02
Mars,True,TRAPPIST-1e,22.0,False,0.0,0.0,0.0,0.0,0.0,True,7915_03
Earth,True,TRAPPIST-1e,16.0,False,219.26626936829558,0.0,0.0,0.0,0.0,True,7917_01
Mars,False,TRAPPIST-1e,26.0,False,79.0,66.0,943.0,0.0,69.0,True,7921_01
Mars,False,TRAPPIST-1e,27.0,False,881.0,33.0,94.0,40.0,0.0,False,7921_02
Earth,False,55 Cancri e,17.0,False,0.0,0.0,632.0,0.0,55.0,True,7923_01
Earth,False,TRAPPIST-1e,24.0,False,0.0,56.0,975.0,0.0,0.0,True,7925_01
Earth,True,PSO J318.5-22,55.0,False,0.0,0.0,0.0,0.0,0.0,True,7927_01
Earth,True,TRAPPIST-1e,7.0,False,0.0,0.0,0.0,0.0,0.0,True,7927_02
Earth,False,TRAPPIST-1e,28.65814620162446,False,0.0,0.0,0.0,0.0,0.0,False,7927_03
Earth,False,TRAPPIST-1e,29.0,False,219.26626936829558,0.0,572.0,4.0,5.0,True,7928_01
Earth,False,55 Cancri e,31.0,False,28.0,48.0,0.0,0.0,622.0,False,7931_01
Earth,False,TRAPPIST-1e,44.0,False,5.0,0.0,812.0,17.0,99.0,True,7932_01
Mars,False,TRAPPIST-1e,26.0,False,0.0,0.0,2619.0,0.0,0.0,True,7933_01
Mars,False,TRAPPIST-1e,3.0,False,0.0,0.0,0.0,0.0,0.0,True,7934_01
Mars,True,TRAPPIST-1e,21.0,False,0.0,0.0,0.0,0.0,0.0,True,7934_02
Mars,False,55 Cancri e,0.0,False,0.0,0.0,0.0,0.0,0.0,True,7934_03
Earth,False,55 Cancri e,40.0,False,3657.0,1107.0,137.0,27.0,0.0,False,7938_01
Earth,False,TRAPPIST-1e,25.0,False,0.0,5.0,1.0,1614.0,0.0,False,7942_01
Earth,False,TRAPPIST-1e,2.0,False,0.0,0.0,0.0,0.0,0.0,True,7942_02
Earth,False,TRAPPIST-1e,28.0,False,2.0,0.0,0.0,754.0,0.0,False,7948_01
Europa,True,55 Cancri e,14.0,False,0.0,0.0,0.0,0.0,0.0,True,7951_01
Earth,False,TRAPPIST-1e,30.0,False,12.0,0.0,0.0,1047.0,40.0,False,7953_01
Earth,False,TRAPPIST-1e,21.0,False,0.0,599.0,0.0,21.0,0.0,True,7956_01
Earth,False,55 Cancri e,30.0,False,0.0,683.0,547.0,46.0,14.0,True,7959_01
Earth,False,TRAPPIST-1e,39.0,False,1905.0,0.0,479.0,0.0,0.0,False,7961_01
Earth,False,TRAPPIST-1e,43.0,False,0.0,2.0,2035.0,46.0,91.0,True,7963_01
Earth,False,TRAPPIST-1e,22.0,False,161.0,455.0,0.0,0.0,15.0,False,7963_02
Earth,True,55 Cancri e,18.0,False,219.26626936829558,0.0,0.0,0.0,0.0,False,7963_03
Mars,True,TRAPPIST-1e,35.0,False,0.0,0.0,0.0,0.0,0.0,True,7964_01
Earth,True,TRAPPIST-1e,21.0,False,0.0,0.0,0.0,0.0,0.0,True,7965_01
Earth,False,TRAPPIST-1e,23.0,False,454.0,333.0,0.0,0.0,0.0,False,7966_01
Earth,True,55 Cancri e,15.0,False,0.0,0.0,0.0,0.0,0.0,True,7969_01
Europa,True,55 Cancri e,37.0,False,0.0,0.0,0.0,0.0,0.0,True,7971_01
Europa,False,55 Cancri e,58.0,False,0.0,674.0,0.0,3043.0,216.0,False,7971_02
Mars,True,TRAPPIST-1e,28.65814620162446,False,0.0,0.0,0.0,0.0,0.0,True,7975_01
Mars,False,TRAPPIST-1e,21.0,False,0.0,0.0,0.0,0.0,0.0,False,7977_01
Earth,False,TRAPPIST-1e,0.0,False,0.0,0.0,0.0,0.0,0.0,True,7978_01
Earth,False,TRAPPIST-1e,15.0,False,672.0,2.0,1.0,293.0,0.0,False,7978_02
Mars,False,TRAPPIST-1e,38.0,False,918.0,0.0,796.0,662.0,7.0,False,7979_01
Mars,False,TRAPPIST-1e,26.0,False,1324.0,250.0,0.0,0.0,0.0,False,7980_01
Europa,False,TRAPPIST-1e,47.0,False,0.0,455.0,0.0,4441.0,123.0,False,7991_01
Europa,False,55 Cancri e,26.0,False,0.0,1807.0,37.0,1123.0,411.0,False,7991_02
Europa,True,55 Cancri e,56.0,False,0.0,0.0,0.0,0.0,0.0,True,7991_03
Europa,True,TRAPPIST-1e,18.0,False,0.0,0.0,0.0,303.05244252873564,0.0,True,7991_04
Earth,False,TRAPPIST-1e,21.0,False,225.0,2681.0,326.0,303.05244252873564,0.0,True,7992_01
Earth,True,PSO J318.5-22,18.0,False,0.0,0.0,0.0,0.0,0.0,True,7997_01
Europa,False,TRAPPIST-1e,44.0,False,0.0,3462.0,0.0,8.0,974.0,True,7998_01
Europa,True,PSO J318.5-22,39.0,False,0.0,0.0,0.0,0.0,0.0,True,7998_02
Europa,True,55 Cancri e,54.0,False,0.0,0.0,0.0,0.0,0.0,True,7998_03
Europa,True,55 Cancri e,23.0,False,0.0,0.0,0.0,0.0,0.0,True,7998_04
Europa,False,TRAPPIST-1e,26.0,False,796.0,370.0,0.0,260.0,161.0,False,8001_01
Earth,False,TRAPPIST-1e,22.0,False,886.0,0.0,2.0,10.0,0.0,False,8002_01
Earth,False,TRAPPIST-1e,25.0,False,0.0,0.0,0.0,811.0,18.0,False,8008_01
Earth,True,PSO J318.5-22,49.0,False,0.0,0.0,0.0,0.0,0.0,True,8009_01
Mars,True,TRAPPIST-1e,46.0,False,0.0,0.0,0.0,0.0,0.0,True,8011_01
Earth,False,TRAPPIST-1e,17.0,False,0.0,781.0,0.0,7.0,0.0,True,8013_01
Earth,False,TRAPPIST-1e,23.0,False,0.0,0.0,41.0,768.0,0.0,False,8017_01
Earth,False,TRAPPIST-1e,18.0,False,0.0,53.0,476.0,2.0,0.0,True,8022_01
Earth,False,TRAPPIST-1e,23.0,False,0.0,57.0,25.0,0.0,503.0,False,8028_01
Earth,False,TRAPPIST-1e,38.0,False,38.0,0.0,0.0,1520.0,67.0,False,8033_01
Europa,False,TRAPPIST-1e,32.0,False,0.0,2311.0,976.0,25.0,23.0,True,8039_01
Europa,True,TRAPPIST-1e,18.0,False,0.0,0.0,0.0,0.0,0.0,True,8039_02
Mars,True,TRAPPIST-1e,24.0,False,0.0,439.4842963318149,0.0,0.0,0.0,True,8040_01
Europa,False,TRAPPIST-1e,37.0,False,1.0,649.0,0.0,1882.0,162.0,False,8041_01
Europa,True,55 Cancri e,41.0,False,0.0,0.0,0.0,0.0,0.0,True,8041_02
Europa,True,TRAPPIST-1e,31.0,False,0.0,0.0,0.0,0.0,0.0,True,8044_01
Earth,False,TRAPPIST-1e,28.0,False,415.0,631.0,889.0,0.0,0.0,True,8045_01
Europa,True,55 Cancri e,40.0,False,0.0,0.0,0.0,0.0,0.0,True,8047_01
Europa,False,TRAPPIST-1e,48.0,False,0.0,3026.0,34.0,107.0,485.0,True,8048_01
Earth,True,55 Cancri e,41.0,False,0.0,0.0,0.0,0.0,0.0,True,8051_01
Earth,True,TRAPPIST-1e,36.0,False,0.0,0.0,0.0,0.0,0.0,True,8051_02
Earth,False,TRAPPIST-1e,11.0,False,219.26626936829558,0.0,0.0,0.0,0.0,False,8061_01
Earth,False,TRAPPIST-1e,19.0,False,1.0,0.0,711.0,0.0,12.0,True,8061_02
Earth,False,TRAPPIST-1e,20.0,False,4.0,0.0,0.0,0.0,716.0,False,8062_01
Earth,False,TRAPPIST-1e,29.0,False,1050.0,3.0,14.0,58.0,0.0,False,8065_01
Mars,False,TRAPPIST-1e,26.0,False,2333.0,0.0,15.0,4.0,32.0,False,8070_01
Earth,True,TRAPPIST-1e,24.0,False,0.0,0.0,0.0,0.0,0.0,True,8073_01
Earth,False,TRAPPIST-1e,28.65814620162446,False,0.0,13.0,738.0,0.0,310.71003097450557,True,8074_01
Mars,False,TRAPPIST-1e,28.0,False,4.0,479.0,2237.0,9.0,0.0,True,8080_01
Earth,True,TRAPPIST-1e,13.0,False,0.0,0.0,0.0,0.0,0.0,True,8090_01
Earth,False,TRAPPIST-1e,28.65814620162446,False,777.0,0.0,0.0,11.0,0.0,False,8093_01
Earth,False,PSO J318.5-22,19.0,False,0.0,0.0,410.0,162.0,0.0,True,8095_01
Mars,True,TRAPPIST-1e,32.0,False,0.0,0.0,0.0,303.05244252873564,0.0,True,8096_01
Earth,True,55 Cancri e,23.0,False,0.0,0.0,0.0,0.0,0.0,True,8099_01
Earth,False,TRAPPIST-1e,18.0,False,0.0,717.0,0.0,0.0,2.0,True,8100_01
Mars,True,TRAPPIST-1e,25.0,False,0.0,0.0,0.0,0.0,0.0,True,8101_01
Earth,False,PSO J318.5-22,19.0,False,0.0,1102.0,58.0,19.0,4.0,True,8104_01
Earth,False,55 Cancri e,24.0,False,280.0,0.0,0.0,299.0,0.0,False,8109_01
Mars,False,TRAPPIST-1e,29.0,False,664.0,0.0,16.0,42.0,0.0,False,8110_01
Earth,True,TRAPPIST-1e,43.0,False,0.0,0.0,0.0,0.0,0.0,True,8111_01
Earth,True,PSO J318.5-22,3.0,False,0.0,0.0,0.0,0.0,0.0,True,8113_01
Earth,False,55 Cancri e,4.0,False,0.0,0.0,0.0,0.0,0.0,True,8113_02
Earth,False,TRAPPIST-1e,2.0,False,0.0,0.0,0.0,0.0,0.0,True,8113_03
Earth,False,TRAPPIST-1e,24.0,False,659.0,1.0,0.0,0.0,0.0,False,8113_04
Earth,False,TRAPPIST-1e,27.0,False,14.0,801.0,288.0,0.0,0.0,True,8114_01
Europa,True,55 Cancri e,37.0,False,0.0,0.0,0.0,0.0,0.0,True,8125_01
Europa,False,55 Cancri e,44.0,False,0.0,4056.0,0.0,346.0,424.0,True,8125_02
Earth,False,TRAPPIST-1e,21.0,False,16.0,0.0,197.0,0.0,485.0,False,8126_01
Europa,False,TRAPPIST-1e,27.0,False,2.0,4913.0,2.0,1534.0,251.0,True,8127_01
Earth,False,55 Cancri e,49.0,False,2.0,0.0,0.0,263.0,2219.0,False,8132_01
Mars,False,TRAPPIST-1e,27.0,False,211.0,0.0,971.0,0.0,0.0,True,8134_01
Europa,True,55 Cancri e,63.0,False,0.0,0.0,0.0,0.0,0.0,True,8142_01
Earth,False,TRAPPIST-1e,28.0,False,0.0,0.0,839.0,0.0,15.0,True,8145_01
Earth,True,55 Cancri e,33.0,False,0.0,0.0,0.0,0.0,0.0,True,8146_01
Earth,False,TRAPPIST-1e,21.0,False,0.0,0.0,16.0,2.0,310.71003097450557,False,8151_01
Earth,False,TRAPPIST-1e,24.0,False,0.0,0.0,932.0,0.0,1.0,True,8154_01
Earth,False,TRAPPIST-1e,26.0,False,0.0,2070.0,84.0,0.0,0.0,True,8155_01
Earth,False,55 Cancri e,27.0,False,681.0,1.0,0.0,3.0,19.0,False,8160_01
Mars,True,TRAPPIST-1e,21.0,False,0.0,0.0,0.0,0.0,0.0,True,8163_01
Earth,False,TRAPPIST-1e,56.0,False,0.0,453.0,0.0,0.0,455.0,False,8166_01
Earth,False,55 Cancri e,31.0,False,0.0,0.0,696.0,0.0,109.0,True,8169_01
Europa,True,TRAPPIST-1e,47.0,False,0.0,0.0,0.0,0.0,0.0,True,8170_01
Mars,True,TRAPPIST-1e,24.0,False,0.0,0.0,0.0,0.0,0.0,True,8172_01
Earth,False,PSO J318.5-22,18.0,False,553.0,0.0,211.0,0.0,9.0,False,8174_01
Europa,True,TRAPPIST-1e,42.0,False,0.0,0.0,0.0,0.0,0.0,True,8179_01
Mars,False,TRAPPIST-1e,31.0,False,1044.0,5.0,4.0,235.0,0.0,False,8180_01
Mars,False,TRAPPIST-1e,22.0,False,2434.0,131.0,2.0,9.0,2.0,False,8181_01
Mars,False,TRAPPIST-1e,24.0,False,386.0,3.0,177.29552524527398,353.0,0.0,False,8181_02
Mars,True,55 Cancri e,20.0,False,0.0,0.0,0.0,0.0,0.0,True,8181_03
Earth,False,TRAPPIST-1e,51.0,False,0.0,0.0,7.0,365.0,625.0,False,8183_01
Earth,False,TRAPPIST-1e,19.0,False,33.0,439.4842963318149,0.0,0.0,844.0,False,8184_01
Earth,False,TRAPPIST-1e,17.0,False,0.0,0.0,177.29552524527398,0.0,1905.0,False,8185_01
Earth,False,TRAPPIST-1e,23.0,False,0.0,0.0,0.0,50.0,656.0,False,8187_01
Earth,False,TRAPPIST-1e,14.0,False,0.0,0.0,510.0,617.0,0.0,False,8188_01
Earth,True,PSO J318.5-22,18.0,False,0.0,0.0,0.0,0.0,0.0,True,8193_01
Europa,True,TRAPPIST-1e,42.0,False,219.26626936829558,0.0,0.0,0.0,0.0,True,8195_01
Earth,False,PSO J318.5-22,39.0,False,6.0,14.0,0.0,658.0,58.0,False,8196_01
Earth,True,TRAPPIST-1e,37.0,False,0.0,0.0,0.0,0.0,0.0,True,8196_02
Earth,True,TRAPPIST-1e,27.0,False,0.0,0.0,177.29552524527398,0.0,0.0,True,8198_01
Europa,True,TRAPPIST-1e,26.0,False,0.0,0.0,0.0,0.0,0.0,True,8201_01
Earth,False,TRAPPIST-1e,49.0,False,5.0,0.0,172.0,0.0,1376.0,False,8206_01
Europa,False,55 Cancri e,32.0,True,0.0,8157.0,476.0,756.0,91.0,True,8215_01
Earth,True,TRAPPIST-1e,34.0,False,0.0,0.0,0.0,0.0,0.0,True,8223_01
Earth,False,TRAPPIST-1e,13.0,False,76.0,454.0,177.29552524527398,1248.0,0.0,False,8228_01
Earth,False,PSO J318.5-22,21.0,False,0.0,0.0,0.0,473.0,195.0,False,8230_01
Europa,False,TRAPPIST-1e,55.0,False,0.0,1839.0,10.0,92.0,2567.0,False,8234_01
Europa,True,55 Cancri e,61.0,False,0.0,0.0,0.0,0.0,310.71003097450557,True,8236_01
Europa,False,TRAPPIST-1e,24.0,False,0.0,2716.0,0.0,0.0,0.0,True,8240_01
Earth,True,TRAPPIST-1e,25.0,False,0.0,0.0,0.0,0.0,0.0,True,8241_01
Earth,True,TRAPPIST-1e,0.0,False,0.0,0.0,0.0,0.0,0.0,True,8245_01
Earth,True,TRAPPIST-1e,38.0,False,0.0,0.0,0.0,0.0,0.0,True,8245_02
Mars,True,TRAPPIST-1e,30.0,False,0.0,0.0,0.0,0.0,0.0,True,8246_01
Earth,False,TRAPPIST-1e,15.0,False,1949.0,2.0,177.29552524527398,0.0,32.0,False,8249_01
Earth,True,TRAPPIST-1e,21.0,False,0.0,0.0,0.0,0.0,0.0,True,8250_01
Earth,False,55 Cancri e,56.0,False,0.0,386.0,0.0,2593.0,0.0,False,8253_01
Europa,False,55 Cancri e,51.0,False,0.0,4093.0,0.0,13.0,2699.0,False,8256_01
Mars,False,TRAPPIST-1e,26.0,False,2459.0,4.0,18.0,0.0,0.0,False,8258_01
Mars,False,TRAPPIST-1e,50.0,False,219.26626936829558,355.0,48.0,73.0,5.0,False,8262_01
Mars,False,TRAPPIST-1e,22.0,False,1025.0,0.0,77.0,17.0,0.0,False,8263_01
Earth,False,TRAPPIST-1e,25.0,False,4.0,0.0,1260.0,0.0,0.0,True,8269_01
Earth,False,55 Cancri e,37.0,False,30.0,0.0,879.0,0.0,0.0,True,8274_01
Earth,True,TRAPPIST-1e,17.0,False,0.0,439.4842963318149,0.0,0.0,0.0,True,8278_01
Europa,True,55 Cancri e,38.0,False,0.0,0.0,0.0,0.0,0.0,True,8283_01
Earth,True,PSO J318.5-22,33.0,False,0.0,0.0,0.0,0.0,0.0,True,8284_01
Earth,False,TRAPPIST-1e,24.0,False,17.0,0.0,682.0,0.0,0.0,True,8284_02
Earth,False,TRAPPIST-1e,21.0,False,693.0,21.0,0.0,0.0,95.0,False,8285_01
Europa,True,TRAPPIST-1e,37.0,False,0.0,0.0,0.0,0.0,0.0,True,8286_01
Mars,True,TRAPPIST-1e,49.0,False,0.0,0.0,0.0,0.0,0.0,True,8290_01
Europa,False,55 Cancri e,42.0,False,219.26626936829558,3726.0,0.0,1856.0,5865.0,False,8293_01
Mars,True,TRAPPIST-1e,33.0,False,0.0,0.0,0.0,0.0,0.0,True,8296_01
Earth,False,TRAPPIST-1e,25.0,False,906.0,0.0,0.0,0.0,0.0,False,8299_01
Mars,False,TRAPPIST-1e,27.0,False,1254.0,126.0,388.0,0.0,0.0,False,8304_01
Mars,True,TRAPPIST-1e,1.0,False,0.0,0.0,0.0,0.0,0.0,True,8304_02
Mars,False,TRAPPIST-1e,20.0,False,70.0,1633.0,83.0,5.0,197.0,True,8304_03
Europa,True,TRAPPIST-1e,20.0,False,0.0,0.0,0.0,0.0,0.0,True,8305_01
Europa,True,55 Cancri e,51.0,False,0.0,0.0,0.0,0.0,0.0,True,8305_02
Europa,True,TRAPPIST-1e,33.0,False,0.0,0.0,0.0,0.0,0.0,True,8305_03
Earth,False,PSO J318.5-22,45.0,False,0.0,0.0,9.0,2536.0,4.0,False,8308_01
Europa,False,55 Cancri e,25.0,False,44.0,5330.0,0.0,2119.0,276.0,False,8309_01
Earth,False,TRAPPIST-1e,21.0,False,1.0,7.0,67.0,701.0,1.0,False,8311_01
Mars,True,TRAPPIST-1e,22.0,False,0.0,0.0,0.0,0.0,310.71003097450557,True,8312_01
Earth,True,TRAPPIST-1e,27.0,False,0.0,0.0,0.0,0.0,0.0,True,8325_01
Earth,False,TRAPPIST-1e,33.0,False,0.0,441.0,0.0,0.0,1113.0,False,8325_02
Earth,False,PSO J318.5-22,24.0,False,22.0,1.0,0.0,590.0,3.0,False,8327_01
Earth,False,TRAPPIST-1e,38.0,False,23.0,753.0,0.0,0.0,0.0,True,8331_01
Earth,False,TRAPPIST-1e,18.0,False,998.0,1091.0,0.0,0.0,0.0,False,8337_01
Europa,False,55 Cancri e,63.0,False,2364.0,36.0,0.0,122.0,310.71003097450557,False,8340_01
Europa,False,55 Cancri e,26.0,True,43.0,2032.0,334.0,194.0,124.0,True,8340_02
Europa,False,TRAPPIST-1e,29.0,False,0.0,2405.0,0.0,1088.0,1757.0,False,8340_03
Earth,True,PSO J318.5-22,24.0,False,0.0,0.0,0.0,0.0,0.0,True,8347_01
Earth,False,55 Cancri e,51.0,False,79.0,69.0,0.0,568.0,1.0,False,8349_01
Mars,False,TRAPPIST-1e,25.0,True,845.0,0.0,376.0,77.0,0.0,False,8350_01
Mars,False,TRAPPIST-1e,41.0,False,3471.0,0.0,251.0,0.0,0.0,False,8351_01
Earth,False,55 Cancri e,20.0,False,0.0,784.0,3.0,1152.0,67.0,False,8352_01
Earth,False,TRAPPIST-1e,22.0,False,471.0,81.0,970.0,0.0,0.0,True,8353_01
Europa,True,55 Cancri e,15.0,False,0.0,0.0,0.0,0.0,0.0,True,8355_01
Europa,False,55 Cancri e,28.65814620162446,False,74.0,23397.0,0.0,0.0,721.0,True,8357_01
Europa,True,55 Cancri e,19.0,False,0.0,0.0,0.0,0.0,0.0,True,8357_02
Earth,False,TRAPPIST-1e,28.0,False,956.0,643.0,1.0,0.0,7.0,False,8358_01
Earth,False,TRAPPIST-1e,18.0,False,0.0,52.0,52.0,8.0,1511.0,False,8359_01
Europa,False,55 Cancri e,31.0,False,0.0,2279.0,0.0,4724.0,333.0,False,8361_01
Europa,False,55 Cancri e,26.0,False,1054.0,439.4842963318149,0.0,3658.0,705.0,False,8361_02
Europa,False,55 Cancri e,9.0,False,0.0,0.0,0.0,0.0,0.0,True,8361_03
Europa,True,55 Cancri e,42.0,False,0.0,0.0,0.0,0.0,0.0,True,8361_04
Europa,False,TRAPPIST-1e,32.0,False,0.0,2902.0,560.0,1.0,709.0,True,8361_05
Earth,True,PSO J318.5-22,22.0,False,0.0,0.0,0.0,0.0,0.0,True,8364_01
Earth,False,TRAPPIST-1e,51.0,False,224.0,439.4842963318149,694.0,39.0,0.0,True,8367_01
Europa,False,TRAPPIST-1e,31.0,False,0.0,4933.0,0.0,83.0,259.0,True,8370_01
Europa,False,TRAPPIST-1e,44.0,False,52.0,338.0,976.0,0.0,5276.0,False,8370_02
Europa,True,TRAPPIST-1e,36.0,False,0.0,0.0,0.0,0.0,0.0,True,8372_01
Mars,True,TRAPPIST-1e,29.0,False,0.0,0.0,0.0,0.0,0.0,True,8385_01
Mars,False,TRAPPIST-1e,36.0,True,566.0,0.0,153.0,0.0,664.0,False,8385_02
Mars,False,TRAPPIST-1e,9.0,False,0.0,0.0,0.0,0.0,0.0,True,8385_03
Earth,False,TRAPPIST-1e,16.0,False,1.0,780.0,0.0,0.0,9.0,True,8387_01
Earth,True,PSO J318.5-22,18.0,False,0.0,0.0,0.0,0.0,0.0,True,8389_01
Mars,False,TRAPPIST-1e,51.0,False,0.0,0.0,0.0,0.0,0.0,False,8391_01
Mars,False,PSO J318.5-22,30.0,False,1001.0,0.0,597.0,17.0,0.0,True,8396_01
Earth,False,PSO J318.5-22,44.0,False,0.0,0.0,0.0,1681.0,0.0,False,8399_01
Earth,False,PSO J318.5-22,22.0,False,0.0,558.0,5.0,174.0,0.0,False,8400_01
Earth,True,TRAPPIST-1e,39.0,False,0.0,0.0,0.0,0.0,0.0,True,8400_02
Earth,False,PSO J318.5-22,18.0,False,223.0,0.0,0.0,27.0,4457.0,False,8400_03
Europa,True,TRAPPIST-1e,34.0,False,0.0,0.0,0.0,0.0,0.0,True,8402_01
Europa,True,TRAPPIST-1e,25.0,False,0.0,0.0,0.0,0.0,0.0,True,8402_02
Europa,True,TRAPPIST-1e,25.0,False,0.0,0.0,0.0,0.0,0.0,True,8402_03
Earth,False,55 Cancri e,16.0,False,0.0,1180.0,216.0,0.0,310.71003097450557,False,8408_01
Earth,True,PSO J318.5-22,41.0,False,0.0,0.0,0.0,0.0,0.0,True,8408_02
Earth,False,TRAPPIST-1e,28.0,False,2.0,1210.0,195.0,0.0,0.0,True,8412_01
Earth,True,TRAPPIST-1e,15.0,False,0.0,0.0,0.0,0.0,0.0,True,8413_01
Mars,False,TRAPPIST-1e,49.0,False,601.0,0.0,1328.0,725.0,4.0,False,8415_01
Earth,False,TRAPPIST-1e,43.0,False,0.0,0.0,775.0,0.0,93.0,True,8417_01
Earth,False,TRAPPIST-1e,28.0,False,1524.0,32.0,59.0,3.0,0.0,False,8422_01
Earth,False,TRAPPIST-1e,18.0,False,0.0,0.0,46.0,420.0,434.0,False,8424_01
Earth,True,55 Cancri e,14.0,False,0.0,0.0,0.0,0.0,0.0,True,8425_01
Earth,True,TRAPPIST-1e,40.0,False,0.0,0.0,0.0,0.0,0.0,True,8425_02
Earth,False,TRAPPIST-1e,28.0,False,0.0,884.0,0.0,0.0,0.0,True,8426_01
Earth,False,TRAPPIST-1e,34.0,False,3956.0,0.0,11.0,0.0,0.0,False,8426_02
Earth,False,TRAPPIST-1e,22.0,False,0.0,22.0,965.0,0.0,0.0,True,8428_01
Europa,True,TRAPPIST-1e,41.0,False,0.0,0.0,0.0,0.0,0.0,True,8434_01
Earth,False,TRAPPIST-1e,19.0,False,162.0,11.0,0.0,0.0,1216.0,False,8435_01
Earth,False,TRAPPIST-1e,33.0,False,35.0,709.0,0.0,1519.0,0.0,False,8436_01
Earth,True,TRAPPIST-1e,19.0,False,0.0,0.0,0.0,0.0,0.0,True,8439_01
Mars,False,55 Cancri e,24.0,False,698.0,0.0,64.0,259.0,150.0,False,8440_01
Mars,True,TRAPPIST-1e,3.0,False,0.0,0.0,0.0,0.0,0.0,True,8440_02
Mars,True,TRAPPIST-1e,19.0,False,0.0,0.0,0.0,0.0,0.0,True,8440_03
Mars,True,TRAPPIST-1e,19.0,False,0.0,0.0,0.0,0.0,0.0,True,8443_01
Mars,False,TRAPPIST-1e,45.0,False,2146.0,0.0,451.0,2.0,0.0,False,8443_02
Earth,True,PSO J318.5-22,29.0,False,0.0,0.0,177.29552524527398,0.0,0.0,True,8445_01
Earth,True,TRAPPIST-1e,54.0,False,0.0,0.0,0.0,0.0,0.0,True,8445_02
Earth,False,55 Cancri e,1.0,False,0.0,0.0,0.0,0.0,0.0,True,8445_03
Mars,False,TRAPPIST-1e,18.0,True,2572.0,0.0,6.0,0.0,0.0,False,8446_01
Mars,True,55 Cancri e,24.0,False,0.0,0.0,0.0,0.0,0.0,True,8450_01
Mars,False,55 Cancri e,18.0,False,1251.0,0.0,34.0,8.0,0.0,False,8450_02
Mars,True,TRAPPIST-1e,19.0,False,0.0,0.0,0.0,0.0,0.0,True,8450_03
Earth,False,TRAPPIST-1e,22.0,False,24.0,3.0,729.0,2.0,0.0,True,8453_01
Europa,False,TRAPPIST-1e,48.0,False,51.0,1.0,0.0,2.0,2890.0,False,8455_01
Europa,False,55 Cancri e,39.0,False,0.0,11020.0,417.0,182.0,4281.0,False,8461_01
Mars,False,TRAPPIST-1e,40.0,False,2249.0,4.0,345.0,0.0,0.0,False,8464_01
Mars,True,TRAPPIST-1e,34.0,False,0.0,0.0,0.0,0.0,0.0,True,8464_02
Earth,False,TRAPPIST-1e,0.0,False,0.0,0.0,0.0,0.0,0.0,True,8473_01
Earth,False,TRAPPIST-1e,25.0,False,0.0,0.0,158.0,730.0,0.0,False,8473_02
Earth,True,TRAPPIST-1e,3.0,False,0.0,0.0,0.0,0.0,0.0,True,8478_01
Earth,False,TRAPPIST-1e,24.0,False,6.0,0.0,0.0,785.0,0.0,False,8478_02
Mars,True,TRAPPIST-1e,39.0,False,0.0,0.0,0.0,0.0,0.0,True,8484_01
Earth,True,PSO J318.5-22,55.0,False,0.0,0.0,0.0,0.0,0.0,True,8485_01
Europa,False,55 Cancri e,24.0,False,183.0,3156.0,0.0,19.0,1518.0,True,8488_01
Mars,False,TRAPPIST-1e,28.65814620162446,False,1485.0,0.0,8.0,0.0,0.0,False,8490_01
Earth,False,TRAPPIST-1e,27.0,False,6.0,0.0,395.0,248.0,17.0,False,8496_01
Earth,False,TRAPPIST-1e,19.0,False,0.0,0.0,0.0,0.0,0.0,False,8497_01
Earth,False,TRAPPIST-1e,27.0,False,0.0,394.0,1.0,291.0,1.0,False,8498_01
Earth,True,PSO J318.5-22,24.0,False,0.0,0.0,0.0,0.0,0.0,True,8499_01
Earth,True,PSO J318.5-22,31.0,False,0.0,0.0,0.0,0.0,0.0,True,8501_01
Mars,False,TRAPPIST-1e,52.0,False,8.0,0.0,0.0,1518.0,0.0,False,8505_01
Europa,False,TRAPPIST-1e,28.65814620162446,False,0.0,2189.0,177.29552524527398,1007.0,7.0,True,8507_01
Mars,False,TRAPPIST-1e,58.0,False,828.0,0.0,355.0,0.0,0.0,False,8510_01
Mars,True,TRAPPIST-1e,16.0,False,0.0,0.0,0.0,0.0,0.0,True,8510_02
Earth,False,TRAPPIST-1e,36.0,False,880.0,0.0,0.0,4.0,0.0,False,8513_01
Earth,False,TRAPPIST-1e,23.0,False,590.0,0.0,211.0,2.0,0.0,False,8515_01
Earth,False,55 Cancri e,25.0,False,0.0,257.0,2.0,896.0,119.0,False,8517_01
Europa,True,TRAPPIST-1e,21.0,False,0.0,0.0,0.0,0.0,0.0,True,8517_02
Earth,True,TRAPPIST-1e,22.0,False,0.0,0.0,0.0,0.0,0.0,True,8518_01
Earth,False,TRAPPIST-1e,20.0,False,5.0,736.0,0.0,10.0,0.0,True,8519_01
Earth,False,TRAPPIST-1e,56.0,False,359.0,0.0,0.0,0.0,438.0,False,8520_01
Earth,False,TRAPPIST-1e,4.0,False,0.0,0.0,0.0,0.0,0.0,True,8520_02
Europa,False,TRAPPIST-1e,36.0,False,0.0,1683.0,51.0,111.0,23.0,True,8525_01
Europa,True,TRAPPIST-1e,47.0,False,0.0,0.0,0.0,0.0,0.0,True,8525_02
Mars,False,TRAPPIST-1e,24.0,False,2276.0,21.0,54.0,226.0,0.0,False,8526_01
Mars,False,TRAPPIST-1e,30.0,False,68.0,264.0,1773.0,0.0,4.0,True,8526_02
Earth,True,55 Cancri e,21.0,False,0.0,0.0,0.0,0.0,0.0,True,8527_01
Earth,False,TRAPPIST-1e,52.0,False,0.0,11.0,0.0,529.0,264.0,False,8529_01
Earth,True,TRAPPIST-1e,18.0,False,0.0,0.0,0.0,0.0,0.0,True,8531_01
Earth,False,TRAPPIST-1e,53.0,False,59.0,116.0,0.0,389.0,0.0,False,8532_01
Earth,True,TRAPPIST-1e,62.0,False,0.0,0.0,0.0,0.0,0.0,True,8533_01
Earth,False,TRAPPIST-1e,9.0,False,0.0,0.0,0.0,0.0,310.71003097450557,False,8534_01
Earth,True,PSO J318.5-22,2.0,False,0.0,0.0,0.0,0.0,0.0,True,8534_02
Earth,True,TRAPPIST-1e,28.65814620162446,False,0.0,0.0,0.0,0.0,0.0,True,8534_03
Earth,False,TRAPPIST-1e,23.0,False,0.0,1.0,474.0,97.0,129.0,True,8534_04
Mars,False,TRAPPIST-1e,28.0,False,2585.0,0.0,4.0,2.0,7.0,False,8538_01
Earth,False,TRAPPIST-1e,59.0,False,0.0,539.0,334.0,0.0,0.0,True,8543_01
Earth,True,PSO J318.5-22,23.0,False,0.0,439.4842963318149,0.0,0.0,0.0,True,8543_02
Earth,False,PSO J318.5-22,20.0,False,11.0,0.0,597.0,25.0,29.0,True,8543_03
Earth,False,TRAPPIST-1e,24.0,False,0.0,0.0,91.0,818.0,0.0,False,8543_04
Earth,False,TRAPPIST-1e,48.0,False,421.0,0.0,370.0,0.0,0.0,False,8543_05
Earth,False,TRAPPIST-1e,25.0,False,21.0,8.0,0.0,873.0,225.0,False,8543_06
Earth,True,PSO J318.5-22,37.0,False,0.0,0.0,0.0,303.05244252873564,0.0,True,8543_07
Earth,False,TRAPPIST-1e,40.0,False,256.0,169.0,0.0,0.0,794.0,False,8543_08
Earth,True,55 Cancri e,17.0,False,0.0,0.0,0.0,0.0,0.0,True,8546_01
Earth,False,TRAPPIST-1e,17.0,False,476.0,0.0,0.0,262.0,0.0,False,8547_01
Earth,False,TRAPPIST-1e,21.0,False,0.0,0.0,39.0,345.0,391.0,False,8550_01
Mars,False,TRAPPIST-1e,50.0,False,1256.0,0.0,39.0,0.0,3.0,False,8553_01
Earth,True,PSO J318.5-22,38.0,False,0.0,0.0,0.0,0.0,0.0,True,8555_01
Earth,False,TRAPPIST-1e,39.0,False,33.0,729.0,0.0,0.0,0.0,True,8555_02
Earth,False,55 Cancri e,0.0,False,0.0,0.0,0.0,0.0,0.0,True,8555_03
Earth,True,TRAPPIST-1e,32.0,False,0.0,0.0,0.0,0.0,0.0,True,8558_01
Mars,False,TRAPPIST-1e,39.0,False,236.0,0.0,383.0,0.0,0.0,False,8562_01
Earth,False,TRAPPIST-1e,13.0,False,0.0,11.0,27.0,1473.0,1.0,False,8563_01
Earth,False,PSO J318.5-22,18.0,False,332.0,1.0,0.0,987.0,0.0,False,8564_01
Earth,True,TRAPPIST-1e,31.0,False,0.0,439.4842963318149,0.0,0.0,0.0,True,8565_01
Earth,False,55 Cancri e,5.0,False,0.0,0.0,0.0,0.0,0.0,True,8565_02
Earth,False,TRAPPIST-1e,47.0,False,0.0,3.0,133.0,0.0,772.0,False,8565_03
Europa,False,55 Cancri e,43.0,False,1.0,416.0,0.0,103.0,5182.0,False,8567_01
Europa,False,TRAPPIST-1e,27.0,False,55.0,1381.0,0.0,3237.0,146.0,False,8567_02
Europa,False,TRAPPIST-1e,27.0,False,0.0,158.0,48.0,122.0,1616.0,False,8567_03
Europa,True,55 Cancri e,31.0,False,0.0,0.0,177.29552524527398,0.0,0.0,True,8568_01
Europa,True,55 Cancri e,26.0,False,0.0,0.0,0.0,0.0,0.0,True,8568_02
Earth,False,TRAPPIST-1e,22.0,False,2.0,0.0,840.0,0.0,0.0,True,8575_01
Earth,True,55 Cancri e,25.0,False,0.0,439.4842963318149,0.0,0.0,0.0,True,8576_01
Earth,False,PSO J318.5-22,20.0,False,0.0,0.0,13.0,480.0,249.0,False,8578_01
Europa,True,55 Cancri e,23.0,False,0.0,0.0,0.0,0.0,0.0,True,8579_01
Earth,True,TRAPPIST-1e,19.0,False,0.0,0.0,0.0,0.0,0.0,True,8582_01
Mars,True,TRAPPIST-1e,27.0,False,0.0,0.0,0.0,0.0,0.0,True,8583_01
Mars,True,TRAPPIST-1e,8.0,False,0.0,0.0,0.0,0.0,0.0,True,8583_02
Mars,False,TRAPPIST-1e,66.0,False,1008.0,0.0,70.0,36.0,1302.0,False,8590_01
Earth,False,TRAPPIST-1e,17.0,False,453.0,2377.0,3.0,0.0,310.71003097450557,False,8591_01
Earth,False,TRAPPIST-1e,41.0,False,2789.0,0.0,0.0,0.0,0.0,False,8593_01
Earth,True,TRAPPIST-1e,14.0,False,0.0,0.0,0.0,0.0,0.0,True,8600_01
Earth,False,TRAPPIST-1e,53.0,False,13.0,0.0,47.0,0.0,748.0,False,8601_01
Earth,True,PSO J318.5-22,13.0,False,0.0,0.0,0.0,0.0,0.0,True,8608_01
Earth,False,TRAPPIST-1e,19.0,False,4.0,0.0,1604.0,0.0,0.0,True,8621_01
Earth,False,TRAPPIST-1e,19.0,False,0.0,22.0,0.0,677.0,0.0,False,8622_01
Earth,False,TRAPPIST-1e,14.0,False,604.0,0.0,0.0,0.0,754.0,False,8625_01
Earth,False,TRAPPIST-1e,18.0,False,1.0,0.0,0.0,822.0,0.0,False,8627_01
Mars,False,TRAPPIST-1e,25.0,False,292.0,0.0,1322.0,0.0,0.0,True,8630_01
Earth,True,TRAPPIST-1e,16.0,False,0.0,0.0,0.0,0.0,0.0,True,8632_01
Earth,True,TRAPPIST-1e,6.0,False,0.0,0.0,0.0,0.0,0.0,False,8632_02
Mars,True,TRAPPIST-1e,22.0,False,0.0,0.0,0.0,0.0,0.0,True,8647_01
Earth,False,PSO J318.5-22,3.0,False,0.0,0.0,0.0,0.0,0.0,True,8648_01
Earth,False,TRAPPIST-1e,19.0,False,546.0,0.0,7.0,0.0,225.0,False,8648_02
Earth,True,TRAPPIST-1e,23.0,False,0.0,0.0,0.0,0.0,0.0,True,8648_03
Earth,False,TRAPPIST-1e,26.0,False,1.0,0.0,0.0,1066.0,83.0,False,8649_01
Earth,False,TRAPPIST-1e,23.0,False,209.0,52.0,3.0,0.0,387.0,False,8651_01
Earth,False,TRAPPIST-1e,25.0,False,574.0,1.0,0.0,0.0,141.0,False,8652_01
Earth,False,PSO J318.5-22,20.0,False,0.0,0.0,20.0,529.0,1.0,False,8655_01
Earth,False,55 Cancri e,29.0,False,11.0,0.0,1214.0,6.0,0.0,True,8660_01
Earth,False,TRAPPIST-1e,26.0,False,3.0,821.0,0.0,0.0,49.0,True,8662_01
Earth,True,TRAPPIST-1e,19.0,False,0.0,0.0,0.0,0.0,0.0,True,8665_01
Earth,True,TRAPPIST-1e,28.0,False,0.0,0.0,177.29552524527398,0.0,0.0,True,8666_01
Earth,False,TRAPPIST-1e,21.0,False,3.0,0.0,697.0,0.0,0.0,True,8676_01
Europa,False,TRAPPIST-1e,25.0,False,0.0,751.0,0.0,1999.0,310.71003097450557,False,8677_01
Europa,False,TRAPPIST-1e,27.0,True,0.0,4248.0,440.0,16.0,1070.0,True,8677_02
Europa,False,TRAPPIST-1e,54.0,False,0.0,2239.0,0.0,42.0,37.0,True,8677_03
Earth,True,55 Cancri e,9.0,False,0.0,0.0,0.0,0.0,0.0,True,8678_01
Earth,False,TRAPPIST-1e,24.0,False,201.0,0.0,621.0,0.0,310.71003097450557,False,8678_02
Earth,True,TRAPPIST-1e,22.0,False,0.0,0.0,0.0,0.0,0.0,True,8679_01
Europa,False,TRAPPIST-1e,42.0,False,0.0,1257.0,40.0,1827.0,1036.0,False,8682_01
Europa,False,TRAPPIST-1e,35.0,False,21.0,5642.0,0.0,54.0,805.0,True,8686_01
Earth,True,TRAPPIST-1e,6.0,False,0.0,0.0,0.0,0.0,0.0,False,8689_01
Mars,False,TRAPPIST-1e,39.0,False,1539.0,0.0,0.0,167.0,0.0,False,8690_01
Mars,False,TRAPPIST-1e,24.0,False,466.0,0.0,2257.0,6.0,0.0,True,8690_02
Europa,True,55 Cancri e,21.0,False,0.0,0.0,0.0,0.0,0.0,True,8692_01
Europa,False,55 Cancri e,48.0,False,259.0,2419.0,0.0,3710.0,789.0,False,8692_02
Europa,True,TRAPPIST-1e,24.0,False,0.0,0.0,0.0,0.0,0.0,True,8692_03
Earth,True,PSO J318.5-22,25.0,False,0.0,0.0,0.0,0.0,0.0,True,8697_01
Earth,False,55 Cancri e,29.0,False,0.0,710.0,0.0,1.0,0.0,True,8698_01
Earth,True,PSO J318.5-22,52.0,False,0.0,0.0,0.0,0.0,0.0,True,8699_01
Europa,False,55 Cancri e,43.0,False,3595.0,2075.0,0.0,13.0,0.0,False,8702_01
Mars,False,55 Cancri e,20.0,False,0.0,0.0,0.0,0.0,0.0,True,8705_01
Earth,False,55 Cancri e,19.0,False,0.0,0.0,37.0,0.0,734.0,False,8706_01
Earth,False,TRAPPIST-1e,20.0,False,0.0,0.0,264.0,451.0,0.0,False,8707_01
Mars,False,TRAPPIST-1e,48.0,True,390.0,0.0,977.0,16.0,0.0,True,8711_01
Europa,False,55 Cancri e,29.0,False,0.0,483.0,177.29552524527398,255.0,1922.0,False,8713_01
Europa,True,55 Cancri e,46.0,False,0.0,0.0,0.0,0.0,0.0,True,8713_02
Earth,True,TRAPPIST-1e,18.0,False,0.0,0.0,0.0,0.0,0.0,True,8715_01
Earth,False,55 Cancri e,36.0,False,0.0,10.0,9.0,303.05244252873564,796.0,False,8718_01
Mars,False,TRAPPIST-1e,22.0,False,816.0,1308.0,245.0,4923.0,0.0,False,8724_01
Earth,True,TRAPPIST-1e,7.0,False,0.0,0.0,0.0,0.0,0.0,True,8725_01
Mars,True,TRAPPIST-1e,38.0,False,0.0,0.0,0.0,0.0,0.0,True,8726_01
Europa,False,55 Cancri e,44.0,False,0.0,29.0,1319.0,172.0,2562.0,False,8730_01
Europa,False,55 Cancri e,24.0,False,0.0,1945.0,0.0,2606.0,0.0,False,8731_01
Mars,True,TRAPPIST-1e,42.0,False,0.0,0.0,0.0,0.0,0.0,True,8737_01
Earth,True,TRAPPIST-1e,35.0,False,0.0,0.0,0.0,0.0,0.0,True,8738_01
Earth,False,TRAPPIST-1e,33.0,False,466.0,0.0,14.0,3013.0,0.0,False,8739_01
Earth,False,55 Cancri e,22.0,False,0.0,0.0,0.0,298.0,1226.0,False,8740_01
Earth,False,TRAPPIST-1e,35.0,False,0.0,0.0,161.0,630.0,0.0,False,8742_01
Earth,False,TRAPPIST-1e,21.0,False,0.0,398.0,15.0,0.0,354.0,False,8745_01
Earth,True,PSO J318.5-22,19.0,False,0.0,0.0,0.0,0.0,0.0,True,8746_01
Mars,True,TRAPPIST-1e,34.0,False,219.26626936829558,0.0,0.0,0.0,0.0,True,8747_01
Mars,False,TRAPPIST-1e,52.0,False,560.0,0.0,615.0,1.0,310.71003097450557,False,8747_02
Mars,False,TRAPPIST-1e,18.0,False,1953.0,0.0,615.0,0.0,11.0,False,8748_01
Mars,False,TRAPPIST-1e,28.65814620162446,False,945.0,0.0,121.0,0.0,270.0,False,8748_02
Europa,False,TRAPPIST-1e,32.0,False,0.0,63.0,1464.0,486.0,4574.0,False,8756_01
Europa,False,TRAPPIST-1e,36.0,False,0.0,774.0,0.0,550.0,1562.0,False,8758_01
Europa,False,55 Cancri e,55.0,False,0.0,7250.0,1.0,1369.0,2.0,True,8758_02
Mars,False,TRAPPIST-1e,65.0,False,2054.0,66.0,268.0,0.0,0.0,False,8761_01
Earth,False,TRAPPIST-1e,29.0,False,1694.0,3.0,0.0,0.0,80.0,False,8763_01
Earth,False,TRAPPIST-1e,18.0,False,0.0,0.0,20.0,789.0,0.0,False,8763_02
Earth,False,PSO J318.5-22,0.0,False,0.0,0.0,0.0,0.0,0.0,True,8763_03
Mars,False,TRAPPIST-1e,35.0,False,3529.0,0.0,2142.0,0.0,0.0,False,8765_01
Europa,False,55 Cancri e,37.0,False,0.0,2161.0,0.0,4702.0,78.0,False,8767_01
Europa,False,TRAPPIST-1e,13.0,False,0.0,797.0,0.0,3104.0,3649.0,False,8767_02
Earth,False,TRAPPIST-1e,15.0,False,279.0,354.0,849.0,15.0,48.0,True,8768_01
Earth,False,55 Cancri e,33.0,False,0.0,18.0,1693.0,0.0,78.0,True,8768_02
Earth,False,TRAPPIST-1e,28.65814620162446,False,0.0,1.0,0.0,145.0,556.0,False,8768_03
Earth,True,TRAPPIST-1e,40.0,False,0.0,0.0,0.0,0.0,0.0,True,8775_01
Earth,False,TRAPPIST-1e,36.0,False,114.0,20.0,0.0,0.0,1485.0,False,8777_01
Mars,True,TRAPPIST-1e,33.0,False,0.0,0.0,0.0,0.0,0.0,True,8778_01
Mars,True,TRAPPIST-1e,4.0,False,0.0,0.0,0.0,0.0,0.0,True,8778_02
Earth,False,TRAPPIST-1e,20.0,False,611.0,0.0,61.0,149.0,0.0,False,8784_01
Earth,False,PSO J318.5-22,23.0,False,0.0,0.0,0.0,728.0,29.0,False,8788_01
Mars,False,TRAPPIST-1e,24.0,False,555.0,0.0,1307.0,0.0,12.0,True,8792_01
Europa,False,55 Cancri e,18.0,False,2304.0,207.0,177.29552524527398,71.0,2724.0,False,8793_01
Europa,True,PSO J318.5-22,25.0,False,0.0,0.0,0.0,303.05244252873564,0.0,True,8793_02
Europa,True,55 Cancri e,26.0,False,0.0,0.0,0.0,0.0,0.0,True,8793_03
Europa,False,TRAPPIST-1e,52.0,False,0.0,713.0,0.0,4331.0,316.0,False,8793_04
Europa,True,TRAPPIST-1e,47.0,False,0.0,0.0,177.29552524527398,0.0,0.0,True,8793_05
Earth,False,55 Cancri e,24.0,False,0.0,618.0,0.0,0.0,14.0,False,8795_01
Earth,True,TRAPPIST-1e,3.0,False,0.0,0.0,0.0,0.0,0.0,True,8800_01
Earth,False,TRAPPIST-1e,9.0,False,0.0,0.0,0.0,0.0,0.0,True,8800_02
Earth,False,TRAPPIST-1e,2.0,False,0.0,0.0,0.0,0.0,0.0,True,8800_03
Earth,False,TRAPPIST-1e,19.0,False,13.0,905.0,861.0,0.0,0.0,True,8800_04
Earth,False,PSO J318.5-22,12.0,False,0.0,0.0,0.0,0.0,0.0,True,8800_05
Earth,True,55 Cancri e,21.0,False,0.0,0.0,0.0,0.0,0.0,True,8803_01
Mars,True,TRAPPIST-1e,20.0,False,0.0,0.0,0.0,0.0,0.0,True,8804_01
Mars,True,TRAPPIST-1e,63.0,False,0.0,0.0,0.0,0.0,0.0,True,8804_02
Mars,True,TRAPPIST-1e,15.0,False,0.0,0.0,0.0,0.0,0.0,True,8804_03
Mars,False,TRAPPIST-1e,25.0,False,491.0,78.0,723.0,9.0,7.0,True,8804_04
Mars,False,TRAPPIST-1e,13.0,False,541.0,0.0,1.0,1147.0,0.0,False,8804_05
Mars,False,TRAPPIST-1e,45.0,True,1233.0,0.0,0.0,99.0,3.0,False,8810_01
Earth,True,TRAPPIST-1e,17.0,False,0.0,0.0,0.0,0.0,0.0,True,8814_01
Earth,False,55 Cancri e,18.0,False,0.0,0.0,953.0,0.0,22.0,True,8829_01
Earth,False,TRAPPIST-1e,40.0,False,0.0,305.0,0.0,41.0,397.0,False,8832_01
Earth,False,55 Cancri e,40.0,False,0.0,575.0,0.0,1.0,1243.0,False,8837_01
Europa,False,TRAPPIST-1e,65.0,False,0.0,2462.0,0.0,15.0,176.0,True,8839_01
Europa,False,55 Cancri e,45.0,False,17.0,2914.0,0.0,4.0,1813.0,True,8839_02
Europa,False,TRAPPIST-1e,34.0,False,28.0,65.0,3429.0,6555.0,12113.0,False,8846_01
Europa,False,TRAPPIST-1e,37.0,False,90.0,2176.0,0.0,134.0,2272.0,False,8846_02
Earth,True,TRAPPIST-1e,13.0,False,0.0,0.0,0.0,0.0,0.0,True,8847_01
Earth,True,55 Cancri e,16.0,False,0.0,0.0,0.0,0.0,0.0,True,8851_01
Mars,False,TRAPPIST-1e,16.0,False,145.0,0.0,549.0,603.0,1.0,False,8855_01
Earth,True,55 Cancri e,13.0,False,0.0,0.0,0.0,0.0,0.0,True,8857_01
Mars,False,TRAPPIST-1e,19.0,False,1581.0,439.4842963318149,221.0,0.0,0.0,False,8859_01
Earth,False,PSO J318.5-22,54.0,False,1.0,2115.0,0.0,0.0,35.0,True,8866_01
Mars,True,TRAPPIST-1e,13.0,False,0.0,439.4842963318149,0.0,0.0,0.0,True,8870_01
Mars,False,TRAPPIST-1e,40.0,False,1150.0,0.0,966.0,497.0,6.0,False,8870_02
Europa,False,TRAPPIST-1e,25.0,False,0.0,0.0,0.0,0.0,0.0,True,8873_01
Europa,False,TRAPPIST-1e,36.0,False,0.0,3973.0,18.0,5188.0,543.0,False,8873_02
Europa,True,55 Cancri e,58.0,False,0.0,0.0,0.0,0.0,0.0,True,8873_03
Europa,False,TRAPPIST-1e,2.0,False,0.0,0.0,0.0,0.0,0.0,True,8875_01
Europa,False,TRAPPIST-1e,32.0,False,26.0,1708.0,0.0,3993.0,481.0,False,8875_02
Europa,True,TRAPPIST-1e,32.0,False,0.0,0.0,0.0,0.0,0.0,True,8875_03
Europa,True,TRAPPIST-1e,28.65814620162446,False,0.0,0.0,0.0,0.0,0.0,True,8877_01
Europa,True,TRAPPIST-1e,54.0,False,0.0,0.0,0.0,0.0,0.0,True,8877_02
Earth,True,TRAPPIST-1e,21.0,False,0.0,0.0,0.0,0.0,0.0,True,8879_01
Earth,False,TRAPPIST-1e,46.0,False,993.0,0.0,0.0,0.0,0.0,False,8882_01
Mars,True,55 Cancri e,43.0,False,0.0,0.0,0.0,303.05244252873564,0.0,True,8887_01
Earth,False,TRAPPIST-1e,18.0,False,0.0,341.0,18.0,756.0,175.0,False,8888_01
Europa,True,55 Cancri e,26.0,False,0.0,0.0,0.0,0.0,0.0,True,8893_01
Europa,True,55 Cancri e,15.0,False,0.0,0.0,0.0,0.0,0.0,True,8893_02
Europa,True,TRAPPIST-1e,39.0,False,0.0,0.0,0.0,0.0,0.0,True,8895_01
Europa,False,TRAPPIST-1e,41.0,False,1646.0,546.0,0.0,1013.0,2471.0,False,8895_02
Earth,False,TRAPPIST-1e,39.0,False,701.0,170.0,0.0,0.0,0.0,False,8898_01
Earth,True,PSO J318.5-22,19.0,False,0.0,0.0,0.0,0.0,0.0,True,8908_01
Earth,False,TRAPPIST-1e,13.0,False,190.0,495.0,10.0,7.0,0.0,False,8909_01
Mars,False,TRAPPIST-1e,43.0,True,12.0,0.0,1039.0,6.0,0.0,True,8911_01
Earth,True,PSO J318.5-22,33.0,False,0.0,0.0,0.0,0.0,0.0,True,8912_01
Earth,True,TRAPPIST-1e,39.0,False,0.0,0.0,0.0,0.0,0.0,True,8913_01
Earth,True,TRAPPIST-1e,1.0,False,0.0,0.0,0.0,0.0,0.0,True,8913_02
Earth,False,55 Cancri e,5.0,False,0.0,0.0,0.0,0.0,0.0,True,8913_03
Earth,False,TRAPPIST-1e,23.0,False,2.0,598.0,20.0,0.0,189.0,False,8914_01
Earth,False,TRAPPIST-1e,41.0,False,0.0,0.0,0.0,2.0,906.0,False,8915_01
Earth,True,TRAPPIST-1e,39.0,False,0.0,0.0,0.0,0.0,0.0,True,8916_01
Earth,True,TRAPPIST-1e,26.0,False,0.0,0.0,0.0,0.0,0.0,True,8917_01
Europa,True,TRAPPIST-1e,25.0,False,0.0,0.0,0.0,0.0,0.0,True,8921_01
Europa,True,55 Cancri e,35.0,False,0.0,0.0,0.0,0.0,0.0,True,8924_01
Europa,True,TRAPPIST-1e,3.0,False,0.0,0.0,0.0,0.0,0.0,True,8925_01
Europa,False,TRAPPIST-1e,1.0,False,0.0,0.0,0.0,0.0,0.0,True,8925_02
Europa,True,55 Cancri e,13.0,False,0.0,0.0,0.0,0.0,0.0,True,8925_03
Europa,False,TRAPPIST-1e,41.0,False,0.0,7621.0,0.0,0.0,1.0,True,8925_04
Europa,True,TRAPPIST-1e,36.0,False,0.0,0.0,0.0,0.0,0.0,True,8925_05
Europa,False,TRAPPIST-1e,27.0,False,0.0,2182.0,7.0,2582.0,19.0,False,8925_06
Europa,False,TRAPPIST-1e,40.0,False,269.0,10651.0,0.0,906.0,141.0,True,8927_01
Earth,False,TRAPPIST-1e,59.0,False,0.0,638.0,0.0,312.0,603.0,False,8929_01
Mars,False,PSO J318.5-22,25.0,False,1481.0,0.0,135.0,0.0,0.0,False,8931_01
Mars,False,TRAPPIST-1e,22.0,False,0.0,0.0,0.0,0.0,0.0,False,8933_01
Europa,False,55 Cancri e,32.0,False,0.0,5778.0,0.0,3527.0,6002.0,False,8934_01
Earth,False,TRAPPIST-1e,22.0,False,0.0,0.0,793.0,0.0,12.0,True,8935_01
Mars,False,TRAPPIST-1e,55.0,True,1176.0,0.0,6.0,967.0,2.0,False,8936_01
Earth,False,TRAPPIST-1e,22.0,False,4.0,0.0,0.0,11.0,634.0,False,8943_01
Europa,True,PSO J318.5-22,33.0,False,0.0,0.0,0.0,0.0,0.0,True,8946_01
Earth,False,TRAPPIST-1e,57.0,False,0.0,0.0,0.0,0.0,1144.0,False,8949_01
Earth,False,TRAPPIST-1e,26.0,False,219.26626936829558,0.0,152.0,145.0,3.0,False,8950_01
Europa,False,55 Cancri e,28.0,False,322.0,439.4842963318149,8.0,3783.0,3000.0,False,8951_01
Earth,False,TRAPPIST-1e,23.0,False,639.0,0.0,0.0,6.0,0.0,False,8952_01
Earth,False,TRAPPIST-1e,62.0,False,0.0,633.0,0.0,0.0,338.0,False,8953_01
Earth,False,TRAPPIST-1e,45.0,False,0.0,107.0,0.0,697.0,5.0,False,8957_01
Earth,True,TRAPPIST-1e,23.0,False,0.0,0.0,0.0,0.0,0.0,True,8958_01
Earth,False,TRAPPIST-1e,0.0,False,0.0,0.0,0.0,0.0,0.0,True,8960_01
Earth,False,TRAPPIST-1e,21.0,False,0.0,0.0,2.0,188.0,620.0,False,8960_02
Earth,True,TRAPPIST-1e,0.0,False,0.0,0.0,0.0,0.0,310.71003097450557,True,8960_03
Earth,False,TRAPPIST-1e,23.0,False,145.0,0.0,0.0,376.0,928.0,False,8962_01
Europa,True,TRAPPIST-1e,25.0,False,0.0,0.0,0.0,0.0,0.0,True,8963_01
Mars,False,TRAPPIST-1e,32.0,False,773.0,0.0,25.0,11.0,0.0,False,8965_01
Europa,False,TRAPPIST-1e,46.0,False,0.0,0.0,0.0,0.0,310.71003097450557,True,8971_01
Europa,True,55 Cancri e,28.0,False,0.0,0.0,0.0,0.0,0.0,True,8974_01
Mars,False,PSO J318.5-22,39.0,True,369.0,0.0,1636.0,0.0,0.0,False,8979_01
Mars,False,TRAPPIST-1e,18.0,False,1037.0,1.0,2.0,0.0,0.0,False,8980_01
Mars,False,55 Cancri e,22.0,False,5454.0,34.0,0.0,0.0,0.0,False,8980_02
Mars,True,TRAPPIST-1e,23.0,False,0.0,0.0,0.0,0.0,0.0,True,8980_03
Mars,False,TRAPPIST-1e,22.0,False,2351.0,0.0,256.0,542.0,0.0,False,8980_04
Mars,False,TRAPPIST-1e,73.0,False,669.0,85.0,943.0,1627.0,0.0,False,8980_05
Mars,True,TRAPPIST-1e,17.0,False,0.0,0.0,0.0,0.0,0.0,True,8980_06
Mars,True,TRAPPIST-1e,20.0,False,0.0,0.0,0.0,0.0,0.0,True,8980_07
Earth,False,TRAPPIST-1e,15.0,False,0.0,0.0,3.0,8.0,998.0,False,8984_01
Earth,True,TRAPPIST-1e,55.0,False,0.0,0.0,0.0,0.0,0.0,True,8990_01
Earth,False,TRAPPIST-1e,42.0,False,0.0,715.0,0.0,109.0,0.0,True,8991_01
Mars,False,TRAPPIST-1e,39.0,False,2416.0,6.0,70.0,106.0,0.0,False,8994_01
Mars,True,TRAPPIST-1e,8.0,False,0.0,0.0,0.0,0.0,0.0,True,8994_02
Mars,False,TRAPPIST-1e,38.0,False,2855.0,77.0,0.0,303.05244252873564,240.0,False,8995_01
Earth,False,TRAPPIST-1e,17.0,False,344.0,1.0,6.0,0.0,275.0,False,9000_01
Earth,False,TRAPPIST-1e,13.0,False,0.0,0.0,43.0,844.0,1.0,False,9002_01
Earth,True,TRAPPIST-1e,28.0,False,0.0,0.0,0.0,0.0,0.0,True,9005_01
Europa,False,55 Cancri e,22.0,False,0.0,439.4842963318149,7.0,2.0,2146.0,False,9016_01
Europa,False,55 Cancri e,64.0,False,3.0,46.0,10.0,630.0,2628.0,False,9016_02
Europa,False,55 Cancri e,30.0,True,0.0,1517.0,0.0,14252.0,4617.0,False,9016_03
Europa,True,55 Cancri e,28.0,False,0.0,0.0,0.0,0.0,0.0,True,9016_04
Europa,False,55 Cancri e,28.65814620162446,False,0.0,2918.0,0.0,3196.0,6.0,False,9016_05
Earth,True,TRAPPIST-1e,39.0,False,0.0,0.0,0.0,0.0,0.0,True,9017_01
Earth,False,TRAPPIST-1e,31.0,False,685.0,0.0,113.0,0.0,0.0,False,9022_01
Earth,True,TRAPPIST-1e,24.0,False,0.0,0.0,0.0,0.0,0.0,True,9022_02
Earth,True,TRAPPIST-1e,0.0,False,0.0,0.0,0.0,0.0,0.0,True,9022_03
Earth,False,TRAPPIST-1e,42.0,False,0.0,0.0,28.0,726.0,0.0,False,9025_01
Earth,True,TRAPPIST-1e,0.0,False,0.0,0.0,0.0,0.0,0.0,True,9025_02
Earth,False,TRAPPIST-1e,43.0,False,1.0,0.0,0.0,0.0,1995.0,False,9027_01
Earth,True,TRAPPIST-1e,40.0,False,0.0,0.0,0.0,0.0,0.0,True,9033_01
Earth,True,TRAPPIST-1e,23.0,False,0.0,0.0,0.0,0.0,0.0,True,9039_01
Earth,False,TRAPPIST-1e,54.0,False,3.0,2.0,0.0,2212.0,113.0,False,9040_01
Earth,False,TRAPPIST-1e,18.0,False,387.0,0.0,0.0,364.0,49.0,False,9044_01
Mars,False,TRAPPIST-1e,20.0,False,1016.0,0.0,140.0,132.0,0.0,False,9045_01
Mars,False,TRAPPIST-1e,24.0,False,93.0,6.0,177.29552524527398,0.0,0.0,False,9045_02
Earth,False,TRAPPIST-1e,18.0,False,0.0,463.0,799.0,0.0,0.0,True,9047_01
Earth,True,TRAPPIST-1e,18.0,False,0.0,0.0,0.0,0.0,0.0,True,9050_01
Earth,False,TRAPPIST-1e,47.0,False,838.0,56.0,7.0,0.0,6.0,False,9051_01
Europa,True,55 Cancri e,25.0,False,219.26626936829558,0.0,0.0,0.0,0.0,True,9053_01
Europa,False,TRAPPIST-1e,28.0,True,10.0,6882.0,131.0,76.0,0.0,True,9053_02
Earth,True,55 Cancri e,8.0,False,0.0,0.0,0.0,0.0,0.0,True,9054_01
Earth,False,PSO J318.5-22,59.0,False,12.0,18.0,798.0,0.0,393.0,False,9055_01
Europa,False,TRAPPIST-1e,51.0,False,294.0,153.0,0.0,1225.0,4.0,False,9056_01
Mars,False,TRAPPIST-1e,38.0,False,784.0,0.0,42.0,38.0,10.0,False,9058_01
Earth,False,TRAPPIST-1e,26.0,False,1576.0,0.0,47.0,1366.0,3.0,False,9062_01
Earth,True,TRAPPIST-1e,65.0,False,0.0,0.0,0.0,0.0,0.0,True,9062_02
Europa,True,55 Cancri e,36.0,False,0.0,0.0,0.0,0.0,0.0,True,9063_01
Mars,True,TRAPPIST-1e,28.65814620162446,False,0.0,0.0,0.0,0.0,0.0,True,9065_01
Earth,False,TRAPPIST-1e,14.0,False,11.0,292.0,713.0,777.0,0.0,False,9067_01
Earth,True,TRAPPIST-1e,9.0,False,0.0,0.0,0.0,0.0,0.0,True,9067_02
Earth,False,TRAPPIST-1e,20.0,False,323.0,0.0,542.0,0.0,0.0,False,9070_01
Earth,False,TRAPPIST-1e,19.0,False,177.0,1058.0,0.0,0.0,0.0,True,9070_02
Earth,False,55 Cancri e,20.0,False,0.0,0.0,0.0,628.0,0.0,False,9082_01
Mars,True,TRAPPIST-1e,34.0,False,0.0,0.0,0.0,0.0,0.0,True,9083_01
Mars,True,TRAPPIST-1e,27.0,False,0.0,0.0,0.0,0.0,0.0,True,9083_02
Earth,True,TRAPPIST-1e,22.0,False,0.0,0.0,0.0,0.0,310.71003097450557,True,9086_01
Earth,False,PSO J318.5-22,15.0,False,8.0,1211.0,0.0,0.0,313.0,False,9086_02
Mars,False,TRAPPIST-1e,28.0,False,1278.0,0.0,31.0,0.0,0.0,False,9087_01
Earth,False,55 Cancri e,28.0,False,43.0,3806.0,0.0,0.0,0.0,True,9088_01
Earth,False,TRAPPIST-1e,19.0,False,308.0,0.0,251.0,1099.0,310.71003097450557,False,9090_01
Mars,True,TRAPPIST-1e,33.0,False,0.0,0.0,0.0,0.0,0.0,True,9091_01
Earth,False,TRAPPIST-1e,29.0,False,0.0,5.0,2.0,0.0,963.0,False,9092_01
Europa,False,TRAPPIST-1e,48.0,False,0.0,658.0,0.0,6812.0,0.0,False,9093_01
Earth,False,TRAPPIST-1e,31.0,False,0.0,0.0,177.29552524527398,0.0,198.0,False,9095_01
Earth,True,TRAPPIST-1e,29.0,False,0.0,0.0,0.0,0.0,0.0,True,9096_01
Earth,True,PSO J318.5-22,24.0,False,0.0,0.0,177.29552524527398,0.0,0.0,True,9096_02
Europa,False,TRAPPIST-1e,19.0,False,0.0,180.0,662.0,2153.0,1841.0,False,9100_01
Mars,True,TRAPPIST-1e,33.0,False,0.0,0.0,0.0,0.0,0.0,True,9102_01
Earth,True,TRAPPIST-1e,29.0,False,0.0,0.0,0.0,0.0,0.0,True,9105_01
Earth,True,TRAPPIST-1e,38.0,False,0.0,0.0,0.0,0.0,0.0,True,9109_01
Mars,True,TRAPPIST-1e,19.0,False,0.0,0.0,0.0,0.0,0.0,True,9113_01
Earth,False,TRAPPIST-1e,44.0,False,0.0,0.0,12.0,245.0,534.0,False,9117_01
Mars,True,TRAPPIST-1e,20.0,False,0.0,0.0,0.0,0.0,0.0,True,9121_01
Mars,True,TRAPPIST-1e,53.0,False,0.0,0.0,0.0,0.0,0.0,True,9123_01
Earth,True,TRAPPIST-1e,27.0,False,0.0,0.0,0.0,0.0,0.0,True,9133_01
Earth,False,PSO J318.5-22,23.0,False,383.0,0.0,296.0,0.0,0.0,False,9135_01
Europa,False,TRAPPIST-1e,41.0,False,0.0,1998.0,0.0,1023.0,867.0,False,9138_01
Earth,False,TRAPPIST-1e,28.0,False,97.0,0.0,0.0,0.0,1720.0,False,9143_01
Earth,False,55 Cancri e,18.0,False,1181.0,0.0,0.0,3.0,1.0,False,9143_02
Earth,False,TRAPPIST-1e,18.0,False,31.0,0.0,0.0,910.0,3.0,False,9143_03
Earth,False,TRAPPIST-1e,52.0,False,994.0,0.0,173.0,0.0,24.0,False,9146_01
Mars,False,TRAPPIST-1e,28.0,False,1014.0,81.0,1.0,85.0,1.0,False,9146_02
Mars,True,55 Cancri e,15.0,False,0.0,0.0,0.0,0.0,0.0,True,9146_03
Earth,True,TRAPPIST-1e,28.65814620162446,False,0.0,0.0,0.0,0.0,0.0,True,9147_01
Earth,False,TRAPPIST-1e,15.0,False,0.0,798.0,0.0,95.0,0.0,True,9153_01
Earth,True,TRAPPIST-1e,16.0,False,0.0,0.0,0.0,0.0,0.0,True,9154_01
Europa,False,TRAPPIST-1e,17.0,False,149.0,2045.0,177.29552524527398,1872.0,0.0,False,9155_01
Europa,False,TRAPPIST-1e,48.0,False,0.0,7.0,12.0,78.0,1779.0,False,9155_02
Europa,True,TRAPPIST-1e,26.0,False,0.0,0.0,0.0,0.0,0.0,True,9155_03
Europa,True,TRAPPIST-1e,34.0,False,0.0,0.0,0.0,0.0,0.0,True,9155_04
Europa,True,TRAPPIST-1e,25.0,False,0.0,0.0,0.0,0.0,0.0,True,9162_01
Europa,False,TRAPPIST-1e,29.0,False,0.0,472.0,438.0,1716.0,2650.0,False,9162_02
Europa,False,TRAPPIST-1e,36.0,False,11.0,20.0,0.0,64.0,3108.0,False,9162_03
Europa,True,55 Cancri e,62.0,False,0.0,0.0,0.0,0.0,0.0,True,9166_01
Europa,False,TRAPPIST-1e,29.0,False,0.0,5718.0,0.0,1444.0,5.0,True,9171_01
Europa,True,55 Cancri e,19.0,False,0.0,0.0,0.0,0.0,0.0,True,9177_01
Europa,True,55 Cancri e,28.65814620162446,False,0.0,0.0,0.0,0.0,0.0,True,9177_02
Earth,False,TRAPPIST-1e,14.0,False,0.0,0.0,177.29552524527398,1377.0,29.0,False,9182_01
Mars,False,TRAPPIST-1e,40.0,False,0.0,439.4842963318149,1311.0,0.0,48.0,True,9187_01
Mars,False,TRAPPIST-1e,30.0,False,179.0,0.0,71.0,1038.0,0.0,False,9187_02
Earth,True,TRAPPIST-1e,41.0,False,0.0,0.0,0.0,0.0,0.0,True,9191_01
Europa,False,TRAPPIST-1e,31.0,False,0.0,54.0,33.0,1812.0,690.0,False,9198_01
Earth,False,PSO J318.5-22,17.0,False,867.0,0.0,4.0,0.0,2.0,False,9200_01
Earth,False,TRAPPIST-1e,25.0,False,1033.0,515.0,0.0,0.0,1.0,False,9204_01
Europa,False,TRAPPIST-1e,27.0,False,0.0,5980.0,5.0,168.0,21.0,True,9206_01
Europa,False,TRAPPIST-1e,47.0,False,0.0,697.0,0.0,63.0,3093.0,False,9206_02
Europa,False,55 Cancri e,32.0,False,0.0,0.0,0.0,0.0,0.0,True,9206_03
Europa,False,TRAPPIST-1e,18.0,False,0.0,4038.0,0.0,951.0,1.0,True,9207_01
Earth,False,55 Cancri e,33.0,False,219.26626936829558,319.0,0.0,0.0,0.0,False,9209_01
Earth,False,TRAPPIST-1e,19.0,False,547.0,0.0,0.0,0.0,275.0,False,9210_01
Earth,False,TRAPPIST-1e,13.0,False,2835.0,4.0,152.0,0.0,334.0,False,9212_01
Earth,True,TRAPPIST-1e,40.0,False,0.0,0.0,0.0,0.0,0.0,True,9212_02
Europa,False,TRAPPIST-1e,32.0,False,523.0,2.0,0.0,16.0,14834.0,False,9214_01
Europa,True,TRAPPIST-1e,42.0,False,0.0,0.0,0.0,0.0,0.0,True,9215_01
Earth,False,TRAPPIST-1e,22.0,False,0.0,147.0,3.0,0.0,494.0,False,9216_01
Mars,True,TRAPPIST-1e,24.0,False,0.0,0.0,177.29552524527398,0.0,0.0,True,9223_01
Mars,True,TRAPPIST-1e,17.0,False,0.0,0.0,0.0,0.0,0.0,True,9223_02
Earth,False,TRAPPIST-1e,21.0,False,640.0,0.0,21.0,0.0,76.0,False,9228_01
Mars,False,TRAPPIST-1e,24.0,False,219.26626936829558,32.0,282.0,1.0,0.0,False,9229_01
Earth,False,TRAPPIST-1e,41.0,False,652.0,0.0,112.0,10.0,0.0,False,9232_01
Earth,False,TRAPPIST-1e,13.0,False,0.0,873.0,0.0,1.0,0.0,True,9236_01
Earth,False,TRAPPIST-1e,10.0,False,0.0,0.0,0.0,0.0,0.0,False,9238_01
Earth,True,55 Cancri e,3.0,False,219.26626936829558,0.0,0.0,0.0,0.0,False,9238_02
Earth,True,TRAPPIST-1e,16.0,False,0.0,0.0,0.0,0.0,0.0,True,9238_03
Earth,False,TRAPPIST-1e,26.0,False,882.0,2.0,0.0,0.0,0.0,False,9238_04
Earth,True,TRAPPIST-1e,14.0,False,0.0,0.0,0.0,0.0,0.0,True,9238_05
Earth,False,55 Cancri e,0.0,False,0.0,0.0,0.0,0.0,0.0,True,9238_06
Earth,False,TRAPPIST-1e,32.0,False,115.0,0.0,2156.0,486.0,0.0,False,9238_07
Earth,False,TRAPPIST-1e,15.0,False,0.0,0.0,4.0,0.0,618.0,False,9240_01
Europa,False,TRAPPIST-1e,35.0,False,0.0,4813.0,0.0,142.0,523.0,True,9243_01
Earth,False,TRAPPIST-1e,20.0,False,1272.0,3.0,543.0,0.0,0.0,False,9245_01
Earth,False,TRAPPIST-1e,21.0,False,147.0,603.0,20.0,0.0,0.0,True,9249_01
Mars,False,TRAPPIST-1e,32.0,False,46.0,3.0,1258.0,0.0,0.0,True,9255_01
Europa,True,TRAPPIST-1e,29.0,False,0.0,0.0,0.0,0.0,0.0,True,9258_01
Earth,True,55 Cancri e,3.0,False,0.0,0.0,0.0,0.0,0.0,True,9260_01
Earth,False,55 Cancri e,20.0,False,0.0,601.0,103.0,35.0,0.0,True,9262_01
Earth,True,TRAPPIST-1e,43.0,False,0.0,0.0,0.0,0.0,0.0,True,9263_01
Mars,False,TRAPPIST-1e,43.0,False,47.0,0.0,3851.0,0.0,0.0,True,9265_01
Earth,False,TRAPPIST-1e,40.0,False,0.0,865.0,0.0,3.0,0.0,True,9266_01
Earth,True,TRAPPIST-1e,34.0,False,0.0,0.0,0.0,0.0,0.0,True,9266_02
Earth,False,TRAPPIST-1e,42.0,False,0.0,847.0,17.0,10.0,144.0,False,9269_01
Mars,True,55 Cancri e,28.65814620162446,False,0.0,0.0,0.0,0.0,0.0,True,9271_01
Europa,False,TRAPPIST-1e,28.65814620162446,False,0.0,2680.0,0.0,0.0,523.0,True,9273_01
Earth,True,PSO J318.5-22,43.0,False,0.0,0.0,0.0,0.0,0.0,True,9277_01
